130,2,1642.81396484375,1.007407407407407,276.18603515624983,225.15697947184242,1,-1,-1,-1
130,4,665.1395019531374,1.0074074074074073,414.0099609375218,300.5839957682268,1,-1,-1,-1
131,1,207.79641723632767,2.0908584594726642,431.31950073242217,135.4349899291992,1,-1,-1,-1
131,2,1641.2678710937482,1.6885906360767478,277.98603515624984,273.2103128051757,1,-1,-1,-1
131,3,1260.068603515626,1.007407407407407,208.82783203125132,77.41019205729175,1,-1,-1,-1
131,4,616.8667746804103,0.03903068773693993,460.80996093752236,358.44581395004525,1,-1,-1,-1
132,1,193.97923278808594,0.6023712158203172,444.1615142822268,186.69259643554693,1,-1,-1,-1
132,5,1.000000000000264,1.007407407407407,284.8600204467773,151.7565293375651,1,-1,-1,-1
132,2,1637.9217773437488,2.369773864746086,281.58603515624986,328.5169794718424,1,-1,-1,-1
132,3,1260.0686035156245,1.0074074074074075,252.0278320312526,122.74352539062508,1,-1,-1,-1
132,4,620.0740474076833,1.2466539680664748,456.12996093752236,395.9982987985305,1,-1,-1,-1
133,1,202.47958374023438,0.20107269287110052,430.965594482422,239.85843658447263,1,-1,-1,-1
133,5,1.0000000000001104,1.007407407407407,263.5971954345703,205.01687479654944,1,-1,-1,-1
133,2,1640.4217529296889,48.153144836425774,277.3315429687499,332.62940032958977,1,-1,-1,-1
133,3,1255.1685058593757,1.007407407407407,288.4159423828125,168.89968729654947,1,-1,-1,-1
133,4,623.2813201349567,1.6483513224700808,451.4499609375223,454.5048577210896,1,-1,-1,-1
134,1,188.76139831542932,0.05875396728515625,447.097537231446,290.58641815185547,1,-1,-1,-1
134,5,0.011032104492151156,0.023895263671867898,265.6441131591798,266.7943229166668,1,-1,-1,-1
134,2,1629.5997802734378,102.78612518310548,289.6637695312519,333.72202707926436,1,-1,-1,-1
134,3,1240.9935058593753,0.2953033447265674,314.2354980468755,210.1305586751303,1,-1,-1,-1
134,4,657.0885928622297,2.5033820102070243,416.1699609375235,488.98474997698236,1,-1,-1,-1
135,1,189.7848815917966,78.03053283691406,454.39066772460956,314.28135681152344,1,-1,-1,-1
135,5,1.0000000000001967,46.47095830281583,247.6662200927733,323.61195551554374,1,-1,-1,-1
135,2,1632.6397705078143,215.16252136230486,286.98339843749994,322.4390757242836,1,-1,-1,-1
135,3,1227.2029541015618,0.8985671997070289,372.5165527343756,300.44908172607427,1,-1,-1,-1
135,4,655.9244370180735,77.9641269836583,415.86138950895173,515.6932136614463,1,-1,-1,-1
136,1,194.84202575683682,133.40991210937503,441.39696350097574,310.92236328125,1,-1,-1,-1
136,5,0.9999999999996543,99.29843098958347,250.45445098876985,322.9461555989582,1,-1,-1,-1
136,2,1626.4096923828154,265.35405558268275,292.59030761718765,326.230522054036,1,-1,-1,-1
136,3,1224.3843505859375,7.051574707031241,363.6359130859409,333.23383015950526,1,-1,-1,-1
136,4,654.7602811739179,121.99376084599842,415.55281808038023,527.2905662347986,1,-1,-1,-1
137,1,181.6472076416012,190.73130798339838,450.82640075683594,308.69691467285145,1,-1,-1,-1
137,5,0.999999999999996,164.20317972819018,256.81483154296916,314.110327351888,1,-1,-1,-1
137,2,1631.5083007812489,321.51727294921864,287.4916992187502,328.02637125651046,1,-1,-1,-1
137,3,1223.3774658203129,0.8467106119791757,363.9470336914081,387.18833272298247,1,-1,-1,-1
137,4,653.5961253297621,174.3647280416719,415.24424665180857,530.546585474818,1,-1,-1,-1
138,1,178.48957214355474,241.0741882324219,455.5538970947266,307.1216735839843,1,-1,-1,-1
138,5,0.9999999999997768,222.97617960611979,255.88585510253935,318.0127868652344,1,-1,-1,-1
138,2,1624.841430664063,367.20136678059947,294.1585693359376,336.67100789387985,1,-1,-1,-1
138,3,1216.9705810546877,41.78851318359378,369.6581542968769,406.689501953125,1,-1,-1,-1
138,4,652.431969485606,225.37569523734544,414.93567522323684,513.4026047148369,1,-1,-1,-1
139,1,195.42713928222653,289.66983032226574,431.27282409667976,314.22830200195307,1,-1,-1,-1
139,5,0.9999999999998684,267.99603271484375,249.37544555664064,313.7847900390626,1,-1,-1,-1
139,2,1625.1728515625027,419.42052286783905,293.8271484375002,347.73346557617157,1,-1,-1,-1
139,3,1213.140543619794,83.83969889322924,371.3843098958339,417.6873738606771,1,-1,-1,-1
139,4,651.2678136414503,276.9911068774632,414.62710379466535,524.6675128437447,1,-1,-1,-1
140,1,188.84722900390625,408.0024719238286,435.646826171875,306.445281982422,1,-1,-1,-1
140,5,1.000000000000025,380.0411328125,248.80174865722654,316.29180908203125,1,-1,-1,-1
140,2,1618.7864990234375,524.9228068033858,300.21350097656244,347.02365966796873,1,-1,-1,-1
140,3,1209.3105061849014,205.67755126953142,373.1104654947911,388.7919124348957,1,-1,-1,-1
140,6,1590.096289062498,1.0074074074074069,328.9037109375013,157.02376912434892,1,-1,-1,-1
140,4,650.1036577972941,382.0998518509146,414.3185323660938,507.8257543059862,1,-1,-1,-1
141,1,183.23574829102043,460.4865417480472,439.42973022460507,313.9136047363281,1,-1,-1,-1
141,5,4.050379150315394e-12,426.562225341797,259.64059448241795,318.828887939453,1,-1,-1,-1
141,2,1618.8465576171952,571.6221126302091,300.1534423828129,358.17123535156264,1,-1,-1,-1
141,3,1205.4804687500084,287.6220703125002,374.83662109374814,379.84311767578106,1,-1,-1,-1
141,6,1590.0962890624994,1.007407407407407,328.90371093750116,211.42376912434892,1,-1,-1,-1
141,4,648.9395019531388,429.18193015769896,414.0099609375217,498.23732910156014,1,-1,-1,-1
142,1,184.6682281494141,504.4367065429687,331.3930511474609,321.67077636718744,1,-1,-1,-1
142,5,0.011838912966011608,474.7678375244142,253.71515693664344,330.73579406738287,1,-1,-1,-1
142,2,1614.298583984376,623.4554630533868,304.70141601562506,360.55746826171793,1,-1,-1,-1
142,3,1205.4081420898508,342.3550872802738,368.1207031249992,384.4762774658199,1,-1,-1,-1
142,6,1590.0962890625,1.0074074074074215,328.903710937501,253.13043579101554,1,-1,-1,-1
142,7,873.1364135742188,0.0,281.23272705078125,101.63878631591797,1,-1,-1,-1
142,4,647.7395019531397,479.9552634910326,411.60996093752266,502.1662179904494,1,-1,-1,-1
143,1,182.0554504394531,548.2603149414062,430.3166198730469,335.10772705078125,1,-1,-1,-1
143,5,0.023677825927972837,522.9734497070314,247.78971939086895,342.64270019531267,1,-1,-1,-1
143,2,1608.3012695312543,675.5101481119794,310.69873046875017,358.981202799479,1,-1,-1,-1
143,3,1205.3358154296927,397.08810424804744,361.4047851562503,389.10943725585884,1,-1,-1,-1
143,6,1581.7090332031237,43.865087280273535,337.2909667968799,265.91224589029986,1,-1,-1,-1
143,7,859.1482543945306,0.22439575195312064,301.0593872070312,168.55088073730468,1,-1,-1,-1
143,4,646.5395019531403,530.7285968243662,409.2099609375236,506.0951068793386,1,-1,-1,-1
144,1,177.74969482421878,593.9124755859375,437.551025390625,358.63696289062494,1,-1,-1,-1
144,5,0.9999999999998709,566.3929890950527,249.8044525146487,341.6962280273439,1,-1,-1,-1
144,2,1604.3363037109377,725.8401489257822,314.66369628906256,361.940365397135,1,-1,-1,-1
144,3,1201.3681640625036,454.0388256835942,363.3018798828127,384.0788916015624,1,-1,-1,-1
144,6,1580.8204833984441,100.98834945678725,338.3481445312454,265.5564678446453,1,-1,-1,-1
144,7,836.3104248046875,0.46499633789061967,325.42236328125,206.08561706542972,1,-1,-1,-1
144,4,644.8895019531385,589.2085968243666,407.2599609375233,496.4239957682278,1,-1,-1,-1
145,1,175.23696899414062,692.2659912109376,434.2770690917969,393.16308593749994,1,-1,-1,-1
145,5,1.0000000000000326,676.281696280021,249.7390258789062,335.76587524414055,1,-1,-1,-1
145,2,1603.9295654296873,849.3922119140625,316.07043457031244,237.59265136718753,1,-1,-1,-1
145,3,1197.4005126953148,555.4162137858085,365.19897460937534,401.71501261393166,1,-1,-1,-1
145,6,1580.9240234374997,193.76538004557275,338.07597656249874,282.19865926106837,1,-1,-1,-1
145,7,823.4234619140625,3.343551635742182,330.6972656250001,315.43409729003906,1,-1,-1,-1
145,8,1862.207641601563,59.84000000000003,56.79235839843749,153.56019449869834,1,-1,-1,-1
145,9,1.0000000000000497,1.0074074074074075,74.45102596282985,134.4083290100097,1,-1,-1,-1
145,10,478.3800659179703,1.00740740740741,230.1688720703132,121.77738301595046,1,-1,-1,-1
145,4,674.4395019531354,665.5197079354771,374.1099609375201,420.5662179904502,1,-1,-1,-1
146,1,169.19778442382832,740.5057983398442,446.6868591308595,345.14959716796886,1,-1,-1,-1
146,5,0.9999999999999277,729.9570701316561,256.8735992431641,329.83552246093734,1,-1,-1,-1
146,2,1611.3435058593755,850.6218920898438,303.32482910156244,235.68548095703298,1,-1,-1,-1
146,3,1193.4328613281248,616.9002685546883,367.0960693359375,401.2178002929682,1,-1,-1,-1
146,6,1581.1598144531245,245.28979003906338,337.9387207031254,283.53184000651004,1,-1,-1,-1
146,7,819.6930541992189,52.68693923950195,333.9786987304687,331.7890434265137,1,-1,-1,-1
146,8,1862.207641601563,81.60000000000001,56.79235839843747,184.38686116536502,1,-1,-1,-1
146,9,0.02560901641810881,40.71586227416987,74.45102596282985,134.4083290100097,1,-1,-1,-1
146,10,388.3800659179689,1.007407407407407,318.3688720703122,172.55071634928376,1,-1,-1,-1
146,4,703.9895019531323,741.8308190465876,340.9599609375169,344.7084402126725,1,-1,-1,-1
147,1,166.95071411132815,796.6318969726562,440.3793640136719,289.6596069335938,1,-1,-1,-1
147,5,0.0634918212889714,775.2962036132816,257.37776794433603,311.2935180664063,1,-1,-1,-1
147,2,1621.4277954101576,940.4039634422012,297.5722045898454,146.58862915039253,1,-1,-1,-1
147,3,1184.38745117188,676.5625000000003,376.38745117187506,394.37222656249946,1,-1,-1,-1
147,6,1575.8785400390627,285.8123608398443,341.23828125000006,293.229056803385,1,-1,-1,-1
147,7,817.2861938476565,108.13951110839845,333.46063232421864,325.5603485107422,1,-1,-1,-1
147,8,1862.475671386719,146.27914655049642,56.52432861328127,168.23880612691312,1,-1,-1,-1
147,9,0.056665420532225896,77.90963745117189,37.838766098022454,155.70574951171875,1,-1,-1,-1
147,10,362.23684692382824,0.4702377319335911,331.9798889160157,197.62810516357422,1,-1,-1,-1
147,4,733.5395019531292,793.6619301576981,307.8099609375135,293.3306624348942,1,-1,-1,-1
148,1,160.3983123779296,849.04911114728,446.76838684082026,237.94348144531253,1,-1,-1,-1
148,5,1.0000000000000309,820.482521791812,256.07879943847666,266.51007080078136,1,-1,-1,-1
148,3,1194.442749023438,728.0888671875001,360.1761474609375,358.23795247395833,1,-1,-1,-1
148,6,1573.3310302734358,335.85896158854206,344.29584960937626,295.62823323567653,1,-1,-1,-1
148,7,815.4752807617184,177.9772275797527,334.6076293945314,312.05045186360746,1,-1,-1,-1
148,8,1862.7437011718748,210.9582931009928,56.25629882812507,152.09075108846116,1,-1,-1,-1
148,9,0.52833271026617,95.62584971110029,48.56247224807743,183.51549519856775,1,-1,-1,-1
148,10,349.5211486816407,1.6753005981445384,343.3463439941406,244.69005584716794,1,-1,-1,-1
148,4,763.9553833007817,841.6975708007816,275.10655517578135,244.86676025390625,1,-1,-1,-1
149,1,217.44763183593747,898.8253784179688,384.50921630859375,188.1550903320313,1,-1,-1,-1
149,5,1.0000000000000124,872.1136253074361,254.3016265869142,214.87896728515616,1,-1,-1,-1
149,3,1202.8646240234377,784.6201171875,352.07226562500006,302.6517333984375,1,-1,-1,-1
149,6,1575.814086914062,392.60619771321717,342.81478271484383,295.3992844645174,1,-1,-1,-1
149,7,814.22607421875,217.76916503906253,329.117431640625,325.76934814453125,1,-1,-1,-1
149,8,1856.3211303710937,267.07053082784006,62.67886962890634,156.34148373921818,1,-1,-1,-1
149,9,1.0000000000001141,113.3420619710287,59.28617839813241,211.32524088541675,1,-1,-1,-1
149,10,346.5962524414069,1.007407407407407,354.44812011718716,308.90267211914073,1,-1,-1,-1
149,4,803.1507202148437,892.3342895507812,230.98978271484359,193.8815307617187,1,-1,-1,-1
150,5,4.196182250976605,966.1962890625001,246.83946838378904,119.27673339843747,1,-1,-1,-1
150,3,1180.033447265625,897.5841674804689,312.4017333984375,190.41583251953125,1,-1,-1,-1
150,6,1574.0662841796889,496.50010050455734,344.93371582031466,300.6103356933616,1,-1,-1,-1
150,7,814.1649169921874,341.0903015136718,326.0251464843751,314.9846496582032,1,-1,-1,-1
150,8,1850.8985595703123,348.56943522135407,69.1014404296876,160.5922163899752,1,-1,-1,-1
150,9,0.9999999999999442,212.658274230957,70.00988454818734,103.13498657226582,1,-1,-1,-1
150,10,304.77426147460943,36.45205307006836,382.1208190917968,356.93552017211914,1,-1,-1,-1
150,4,874.2002929687511,1010.5063116681109,154.97670898437482,76.48628092448145,1,-1,-1,-1
151,5,0.02887573242196151,1017.1239624023428,233.80765686035153,68.20086669921884,1,-1,-1,-1
151,3,1212.4334472656255,956.4167600730606,236.80173339843788,130.5758325195321,1,-1,-1,-1
151,6,1566.768823242188,546.0822469075528,351.14260253906104,306.84908854166645,1,-1,-1,-1
151,7,802.5635375976574,404.15791422526047,336.58074951171864,325.61588216145856,1,-1,-1,-1
151,8,1847.662109375001,406.3395259602863,71.33789062500004,154.28035196940152,1,-1,-1,-1
151,9,0.0,264.82781982421875,71.13359069824219,107.37139892578125,1,-1,-1,-1
151,10,304.427947998047,86.89059448242182,395.27882690429686,355.64208984375006,1,-1,-1,-1
152,6,1569.2959106445396,588.9758756510433,349.7040893554644,320.52956461588417,1,-1,-1,-1
152,7,812.645751953125,450.8295593261719,318.4171142578124,318.3011169433594,1,-1,-1,-1
152,8,1848.1020507812527,449.62372233072904,70.8979492187499,174.1646500651045,1,-1,-1,-1
152,9,0.029382705688476562,311.99345397949213,72.84352684020996,121.72998046875001,1,-1,-1,-1
152,10,291.71896362304693,144.78977966308594,388.8329772949218,346.7047576904297,1,-1,-1,-1
153,6,1565.3344238281366,639.1228377278658,353.6655761718724,321.5167073567699,1,-1,-1,-1
153,7,797.3312622070356,521.3878430175788,332.7309936523447,323.5398417154954,1,-1,-1,-1
153,8,1848.346618652345,504.4298026529948,70.65338134765618,169.77320027669347,1,-1,-1,-1
153,9,0.058765411376953125,359.1590881347656,74.55346298217773,136.08856201171878,1,-1,-1,-1
153,10,298.67380371093947,198.59619140625,393.63321533203055,341.155517578125,1,-1,-1,-1
154,6,1564.2510107421965,682.83384759597,354.74898925781025,340.7767133246522,1,-1,-1,-1
154,7,804.9551391601564,565.33837890625,320.75994873046875,312.2319946289063,1,-1,-1,-1
154,8,1848.591186523437,559.2358829752604,70.40881347656246,165.38175048828242,1,-1,-1,-1
154,9,1.0000000000000355,407.66093370225695,71.56382052103677,143.32648390028288,1,-1,-1,-1
154,10,285.3404846191406,243.54629516601568,397.2231140136719,342.7563171386719,1,-1,-1,-1
155,6,1563.1675976562556,780.944857464074,355.8324023437482,305.6367192925335,1,-1,-1,-1
155,7,798.2021484375001,667.2857666015625,321.31896972656267,337.73620605468744,1,-1,-1,-1
155,8,1846.426879882812,671.296032714844,72.57312011718746,159.72166463216266,1,-1,-1,-1
155,9,1.0000000000002383,528.6961126030816,68.57417805989583,150.56440578884693,1,-1,-1,-1
155,10,270.224853515625,350.06805419921875,409.90307617187494,335.3056640625,1,-1,-1,-1
156,6,1562.0841845703142,824.6558673321765,356.91581542968595,262.3367252604162,1,-1,-1,-1
156,7,788.5577514648434,733.764012044271,335.4409545898444,346.149918619792,1,-1,-1,-1
156,8,1845.262573242185,728.9561824544272,74.73742675781246,154.06157877604284,1,-1,-1,-1
156,9,0.5324954986570628,572.4132432725695,66.88644854227701,164.60523003472383,1,-1,-1,-1
156,10,270.48052978515625,407.45864868164057,409.591552734375,327.0655212402344,1,-1,-1,-1
156,11,1582.3008300781255,1.007407407407407,280.8991699218765,93.82693562825526,1,-1,-1,-1
157,6,1561.0007714843764,883.0669724754059,357.9992285156238,203.92562011718698,1,-1,-1,-1
157,7,793.0400390625,786.0730753580729,323.74731445312517,299.91972249348987,1,-1,-1,-1
157,8,1845.0268554687516,786.2586157226564,73.97314453124997,161.37510986328277,1,-1,-1,-1
157,9,0.06499099731388734,616.1303739420574,65.19871902465819,178.6460542806007,1,-1,-1,-1
157,10,265.44949340820386,474.6682360839849,419.40507202148393,321.0499173990886,1,-1,-1,-1
157,11,1556.1724853515623,0.0,361.8991699218751,140.97360229492188,1,-1,-1,-1
158,6,1557.0102539062511,922.1755371093766,362.23264160156117,165.46118164062534,1,-1,-1,-1
158,7,791.140869140625,834.2704467773438,326.79931640625,251.91937255859375,1,-1,-1,-1
158,8,1841.2926025390634,840.0062112539788,77.70739746093754,155.54694783528853,1,-1,-1,-1
158,9,0.3766606648756873,687.6073301866326,59.476394653320334,170.95450412326545,1,-1,-1,-1
158,10,262.37875366210864,535.4664617919924,421.36439208984393,306.46816467285277,1,-1,-1,-1
158,11,1565.7359619140627,0.0,354.26403808593756,200.68533325195312,1,-1,-1,-1
159,6,1549.2203369140627,976.6286360677084,320.7296630859368,109.62819986979216,1,-1,-1,-1
159,7,790.9486694335938,888.8270874023438,323.64764404296864,196.20184326171878,1,-1,-1,-1
159,8,1837.5583496093752,893.7538067853011,81.44165039062509,149.7187858072943,1,-1,-1,-1
159,9,0.6883303324374872,759.0842864312076,53.75407028198249,163.26295396593017,1,-1,-1,-1
159,10,259.3080139160156,547.3046875,412.5237121582031,333.5930786132812,1,-1,-1,-1
159,11,1567.552734375,0.0,352.445068359375,254.78663635253906,1,-1,-1,-1
159,12,584.9217407226565,1.007407407407407,358.5416015625001,144.12369150797525,1,-1,-1,-1
159,13,987.2305541992204,1.007407407407407,234.85220947265483,87.69736572265627,1,-1,-1,-1
160,9,0.9999999999998841,830.5612426757817,48.03174591064464,193.65140380859552,1,-1,-1,-1
160,10,263.2942199707031,690.5028076171875,398.5193176269531,291.9451904296875,1,-1,-1,-1
160,11,1564.5384521484389,67.60663945515952,354.974853515625,326.9045507303874,1,-1,-1,-1
160,12,575.2630615234376,0.7565460205078107,340.4593505859375,247.900634765625,1,-1,-1,-1
160,13,944.0305541992195,1.007407407407407,310.4522094726561,189.2440323893229,1,-1,-1,-1
161,9,0.0,864.1536254882812,52.38798522949219,190.2655639648437,1,-1,-1,-1
161,10,245.0274230957076,747.9950512695316,427.6528869628918,299.7471101888026,1,-1,-1,-1
161,11,1562.693334960938,130.4693003336589,356.1571289062505,312.9040561930341,1,-1,-1,-1
161,12,571.274658203125,19.79425048828125,342.1400756835937,287.2550354003906,1,-1,-1,-1
161,13,940.9984130859375,0.0,304.02099609375,227.0937194824219,1,-1,-1,-1
161,14,169.38940429687503,1.757852554321289,280.6254272460938,157.70673179626465,1,-1,-1,-1
162,9,0.0,927.5630493164062,51.54341125488281,160.43695068359375,1,-1,-1,-1
162,10,253.58386230468773,801.2750244140626,422.13951416015624,281.73315429687506,1,-1,-1,-1
162,11,1565.2317382812505,185.9282226562503,351.8657958984395,324.4154496256512,1,-1,-1,-1
162,12,562.7185058593748,75.523406982422,350.29042968750014,319.96257324218755,1,-1,-1,-1
162,13,918.3278686523441,0.1373291015625049,333.95511474609435,291.50456339518246,1,-1,-1,-1
162,14,149.24926757812503,0.8432235717773482,317.62554931640625,216.5003128051758,1,-1,-1,-1
163,9,0.0,983.2122802734375,42.940223693847656,102.81481933593744,1,-1,-1,-1
163,10,224.78386230469766,845.1527716290519,436.5395141601615,241.8398209635453,1,-1,-1,-1
163,11,1556.3437255859376,255.39889973958353,360.79592285156275,317.0611523437505,1,-1,-1,-1
163,12,568.0706787109374,136.91908264160153,338.66107177734386,312.72495300292974,1,-1,-1,-1
163,13,915.6687622070311,0.0,325.6129760742188,340.04345703125,1,-1,-1,-1
163,14,151.37974548339844,6.210479736328139,289.3507537841797,275.35101318359375,1,-1,-1,-1
164,10,217.5838623047057,910.4327716290476,436.53951416016133,176.55982096354822,1,-1,-1,-1
164,11,1551.6476074218767,311.6485900878906,366.5022949218744,313.82540161132835,1,-1,-1,-1
164,12,563.6347045898439,191.18206787109372,339.8875122070312,308.756103515625,1,-1,-1,-1
164,13,918.8728637695312,52.21064758300781,323.28253173828136,340.92530822753906,1,-1,-1,-1
164,14,150.78652954101565,39.732170104980476,276.30487060546875,296.2231521606446,1,-1,-1,-1
165,11,1552.6824462890627,423.1841125488285,365.6165039062509,323.94311971028645,1,-1,-1,-1
165,12,559.9838256835936,306.20904541015625,340.1423950195313,314.4627685546875,1,-1,-1,-1
165,13,905.7520751953125,172.72398376464844,338.17858886718744,336.0418243408203,1,-1,-1,-1
165,14,147.54615783691403,134.82728576660156,285.7149200439453,319.3862762451172,1,-1,-1,-1
166,11,1567.2163085937514,479.52868652343744,351.4866943359375,330.0332779947917,1,-1,-1,-1
166,12,554.7084960937499,361.8005065917969,345.61212158203125,328.85226440429693,1,-1,-1,-1
166,13,906.2274169921874,230.85978698730466,339.27136230468756,337.77442932128906,1,-1,-1,-1
166,14,143.63340759277347,195.38160705566403,294.73023986816406,324.9433441162109,1,-1,-1,-1
167,11,1551.3350830078132,520.5843603515629,365.09414062499826,354.56829996744864,1,-1,-1,-1
167,12,556.1300048828125,418.5782775878907,341.3636474609375,334.7075500488282,1,-1,-1,-1
167,13,906.7269287109376,291.5089416503906,350.4422607421875,337.1445007324219,1,-1,-1,-1
167,14,142.42776489257815,259.2511901855469,304.4241943359375,320.1992492675782,1,-1,-1,-1
168,11,1547.8538818359384,577.717435709636,369.1985595703119,361.4754467773433,1,-1,-1,-1
168,12,554.7327270507812,474.8667297363282,344.1047973632813,356.55892456054664,1,-1,-1,-1
168,13,899.6434936523439,356.5250549316406,358.9888305664063,330.2121887207031,1,-1,-1,-1
168,14,142.62945556640622,322.5707092285157,307.52618408203125,317.54489135742193,1,-1,-1,-1
169,11,1545.447875976562,620.4864485677092,372.9522949218754,396.90029296875093,1,-1,-1,-1
169,12,551.7435302734375,532.7341918945312,349.43225097656256,351.4337768554688,1,-1,-1,-1
169,13,901.7246704101562,417.33370971679693,354.01385498046864,329.93545532226557,1,-1,-1,-1
169,14,138.92889404296878,388.73925781249994,319.15530395507807,309.12713623046875,1,-1,-1,-1
170,11,1555.6315917968752,749.8681801576963,363.36840820312494,337.1244124348962,1,-1,-1,-1
170,12,550.8596801757812,648.8047485351562,350.8554687500001,368.17987060546875,1,-1,-1,-1
170,13,914.0189208984374,543.6480102539061,344.16687011718733,325.4599609375,1,-1,-1,-1
170,14,142.0074005126953,512.9722290039061,310.8940887451172,310.17584228515625,1,-1,-1,-1
170,15,1719.5823974609366,1.007407407407407,199.41760253906259,228.18146199544347,1,-1,-1,-1
171,11,1553.625634765625,806.1857672345202,365.37436523437503,280.8068253580728,1,-1,-1,-1
171,12,543.4063110351562,704.4428100585938,356.4468994140625,377.96038818359375,1,-1,-1,-1
171,13,905.5061645507811,609.629150390625,349.81927490234375,320.6522827148438,1,-1,-1,-1
171,14,138.5868072509766,583.02099609375,321.59315490722656,311.6376342773438,1,-1,-1,-1
171,15,1719.5823974609366,1.007407407407415,199.41760253906259,289.83479532877675,1,-1,-1,-1
172,11,1541.4401855468748,869.2562408673282,377.55981445312506,217.73635172526448,1,-1,-1,-1
172,12,552.2374877929686,764.1467285156251,348.938232421875,321.9925537109375,1,-1,-1,-1
172,13,915.5978393554686,674.7299194335938,334.2520141601562,316.02484130859375,1,-1,-1,-1
172,14,140.31178283691403,644.0457153320312,322.6559295654297,313.7633056640625,1,-1,-1,-1
172,16,9.832397460937504,0.5071220397949228,202.85545349121094,149.54939651489258,1,-1,-1,-1
172,17,495.0757568359594,1.007407407407407,465.91505126952296,196.48106974283854,1,-1,-1,-1
172,15,1719.582397460937,53.26112245159393,199.41760253906259,298.2970175509991,1,-1,-1,-1
173,11,1541.4401855468773,920.0295742006593,330.7598144531225,166.96301839193262,1,-1,-1,-1
173,12,563.9652709960936,825.010986328125,334.1414794921875,261.36474609375,1,-1,-1,-1
173,13,896.0689086914062,736.4941406249999,352.81231689453125,320.06982421875,1,-1,-1,-1
173,14,141.27534484863284,705.0653686523438,322.0908966064453,315.0459594726563,1,-1,-1,-1
173,16,6.873573303222651,1.0426025390624973,261.6586837768554,216.2423400878906,1,-1,-1,-1
173,17,495.0757568359527,1.007407407407407,478.51505126952605,252.69440307617194,1,-1,-1,-1
173,15,1719.5823974609368,110.71305971800261,199.41760253906259,282.7023508843325,1,-1,-1,-1
174,11,1541.440185546878,976.2429075339935,242.55981445312133,110.74968505859977,1,-1,-1,-1
174,12,573.1627807617186,882.5093994140625,326.86267089843756,203.203125,1,-1,-1,-1
174,13,895.5899047851562,802.2755126953125,352.09051513671886,282.95581054687494,1,-1,-1,-1
174,14,138.42288208007812,765.2202758789065,335.696044921875,319.68377685546864,1,-1,-1,-1
174,16,7.226966857910151,0.10322570800781605,220.6490707397461,277.3612823486328,1,-1,-1,-1
174,17,547.2757568359402,1.8133333333333335,428.1150512695313,332.48106974283866,1,-1,-1,-1
174,15,1719.5823974609368,164.53833031774474,199.41760253906259,297.93435088433296,1,-1,-1,-1
175,12,668.3563842773438,983.514404296875,231.88952636718744,104.22412109375,1,-1,-1,-1
175,13,881.5369262695311,928.2405395507812,367.0205688476563,157.33367919921872,1,-1,-1,-1
175,14,169.41355895996168,882.7066040039062,305.20570373535156,158.5884122721354,1,-1,-1,-1
175,16,12.086997985839847,75.4149169921875,268.26132965087896,337.368896484375,1,-1,-1,-1
175,17,555.4900512695312,70.97561645507814,418.1332397460936,462.7158508300781,1,-1,-1,-1
175,15,1719.5823974609368,269.13693425082,199.41760253906259,251.51301755099905,1,-1,-1,-1
175,18,1207.7300537109386,108.4193924967448,92.41638183593766,102.84555135091146,1,-1,-1,-1
176,13,943.7464599609375,1002.4892578125,256.6245117187499,83.99633789062494,1,-1,-1,-1
176,14,186.65492248535156,940.2052612304689,295.2401580810547,146.9126586914063,1,-1,-1,-1
176,16,13.622657775878917,141.7222595214844,264.0244674682617,334.8749084472656,1,-1,-1,-1
176,17,557.0003051757812,130.07987976074216,420.67486572265625,487.6531524658204,1,-1,-1,-1
176,15,1719.5823974609368,332.6333159616731,199.41760253906259,252.54057310655458,1,-1,-1,-1
176,18,1206.7700537109383,165.35805916341147,92.41638183593766,112.2748846842448,1,-1,-1,-1
177,14,228.33416137695315,1002.8472900390624,239.55524291992188,83.65722656249991,1,-1,-1,-1
177,16,14.696685791015636,210.34777832031247,262.9095458984375,331.67376708984375,1,-1,-1,-1
177,17,571.4909057617186,200.6854248046875,407.40106201171875,504.74804687500006,1,-1,-1,-1
177,15,1719.582397460937,396.1296976725262,199.41760253906259,253.5681286621101,1,-1,-1,-1
177,18,1205.810053710938,222.29672583007817,92.41638183593766,121.70421801757811,1,-1,-1,-1
178,16,16.01612091064453,278.6503295898438,257.9037399291992,326.9459838867188,1,-1,-1,-1
178,17,505.5940307617185,266.61776733398443,464.7849365234389,474.5119494628904,1,-1,-1,-1
178,15,1719.5823974609366,443.2763643391928,199.41760253906259,253.5681286621101,1,-1,-1,-1
178,18,1204.8500537109378,279.23539249674485,92.41638183593764,131.13355135091143,1,-1,-1,-1
179,16,18.73095703125066,333.01373291015636,390.9863464355463,341.3598632812501,1,-1,-1,-1
179,17,588.3853515625005,337.9137268066408,386.58076171875,458.9096374511719,1,-1,-1,-1
179,15,1689.4416992187491,495.9877034505217,229.55830078125152,256.62371256510403,1,-1,-1,-1
179,18,1205.3900537109378,345.2407258300781,92.41638183593764,140.56288468424475,1,-1,-1,-1
180,16,17.988098144531342,464.8531494140629,395.0922546386718,329.468444824219,1,-1,-1,-1
180,17,581.8591308593751,461.5575256347656,398.63978271484353,433.2729675292968,1,-1,-1,-1
180,15,1721.3448974609375,602.8752416992185,197.65510253906388,280.7331713867186,1,-1,-1,-1
180,18,1205.9300537109375,447.5127258300782,92.41638183593764,149.99221801757807,1,-1,-1,-1
181,16,16.224110412598588,522.7549438476565,388.40677947997995,348.6942488606769,1,-1,-1,-1
181,17,586.8248901367188,532.7061767578125,385.98999023437483,427.69848632812494,1,-1,-1,-1
181,15,1725.1042724609372,673.5801112874353,193.8957275390667,273.81953186035156,1,-1,-1,-1
181,18,1204.0437011718752,501.76007080078136,95.63928222656236,158.11804199218741,1,-1,-1,-1
181,19,1.0000000000002283,1.0074074074074073,212.58940124511741,119.92272684733078,1,-1,-1,-1
181,20,335.5789489746106,1.007407407407407,388.4863586425785,181.11385782877574,1,-1,-1,-1
182,16,14.384948730469336,589.0791015625006,384.28725585937497,345.3699381510414,1,-1,-1,-1
182,17,590.373046875,595.6985473632812,379.9552001953124,389.83209228515625,1,-1,-1,-1
182,15,1722.263647460937,727.0247339620729,196.7363525390694,272.3458923339849,1,-1,-1,-1
182,18,1205.7703857421873,562.2295532226562,97.81970214843747,158.5174560546875,1,-1,-1,-1
182,21,1107.7135498046887,1.0074074074074073,235.18041992187574,114.07231587727864,1,-1,-1,-1
182,19,0.0,0.0,212.5894012451172,170.69606018066406,1,-1,-1,-1
182,22,974.2090942382818,1.007407407407407,180.1832885742188,67.47402170817054,1,-1,-1,-1
182,20,337.82894897461074,1.8262458631727985,388.4863586425787,248.20719116210907,1,-1,-1,-1
182,23,1290.8583984375007,1.007407407407407,365.20686035156353,97.20730773925777,1,-1,-1,-1
183,16,17.727035522461364,655.9614257812501,387.1945220947262,320.580322265625,1,-1,-1,-1
183,17,593.3713989257817,660.6844482421883,378.51416015625,426.77254882812457,1,-1,-1,-1
183,15,1726.6230224609367,780.4693566367056,192.37697753907,285.3789194742839,1,-1,-1,-1
183,18,1206.3087158203125,614.4913940429688,97.04443359374991,170.2446899414063,1,-1,-1,-1
183,21,1072.8248779296878,0.0997352600097659,267.6109130859381,154.81211471557617,1,-1,-1,-1
183,19,0.0,7.904457092285163,215.6018829345703,208.31111907958987,1,-1,-1,-1
183,22,967.009094238281,0.0,180.1832885742187,123.68735504150389,1,-1,-1,-1
183,24,803.2287963867229,1.007407407407407,182.55798339843508,72.5186903889974,1,-1,-1,-1
183,20,340.0789489746108,31.658417652271524,388.4863586425788,286.2871911621091,1,-1,-1,-1
183,23,1275.8583984375014,1.00740740740741,375.40686035156284,161.2784188503689,1,-1,-1,-1
184,16,9.700904846191714,723.5414428710933,387.8995468139647,331.9861450195313,1,-1,-1,-1
184,17,596.1807861328124,731.2470703125,375.52661132812506,334.9229736328125,1,-1,-1,-1
184,15,1729.1823974609351,833.9139793113426,189.81760253906526,253.07861328125003,1,-1,-1,-1
184,18,1204.2630615234375,672.7097778320312,99.81152343750003,167.6400146484375,1,-1,-1,-1
184,21,1071.5779907226563,1.593498229980467,263.7028930664085,226.78096872965517,1,-1,-1,-1
184,19,0.00263214111328125,86.13301849365236,208.48580169677734,200.5896072387696,1,-1,-1,-1
184,22,967.4365942382833,0.28683664320237234,210.9011408689818,213.90491881106794,1,-1,-1,-1
184,24,770.8287963867189,0.0,227.5579833984376,114.22535705566408,1,-1,-1,-1
184,20,342.3289489746103,108.63725610803695,388.48635864257864,277.22052449544276,1,-1,-1,-1
184,23,1268.9583984375017,4.428000070077466,385.60686035156215,232.60286329481335,1,-1,-1,-1
185,16,24.901840209960945,862.1497192382814,285.51722717285156,224.20343017578128,1,-1,-1,-1
185,17,595.4229125976561,869.7318115234375,370.2284545898438,216.39953613281244,1,-1,-1,-1
185,15,1763.4705078124998,946.5096751121235,155.52949218750004,140.48291748046873,1,-1,-1,-1
185,18,1207.4326171875,781.7186279296875,101.78906250000003,182.66308593749994,1,-1,-1,-1
185,21,1066.6278808593745,30.35730529785156,273.2156250000024,304.6841375732426,1,-1,-1,-1
185,19,0.016891479492184835,171.6847686767578,208.81558227539062,244.41786193847656,1,-1,-1,-1
185,22,967.8640942382856,0.5736732864047447,241.6189931637449,304.1224825806321,1,-1,-1,-1
185,24,660.6442962646522,1.0074074074074073,410.17578735351225,243.36504903157567,1,-1,-1,-1
185,20,344.57894897460966,243.6427612304689,388.4863586425782,282.6605244954425,1,-1,-1,-1
185,23,1262.0583984375005,65.87525939941416,395.8068603515615,289.4206410725912,1,-1,-1,-1
186,16,45.35359954834001,925.9753417968749,361.81703033447246,160.01550292968744,1,-1,-1,-1
186,17,592.9596557617188,941.455078125,226.6541137695313,144.5860595703125,1,-1,-1,-1
186,18,1208.62255859375,836.8765869140625,99.28930664062514,195.18640136718756,1,-1,-1,-1
186,21,1065.9990600585938,89.44306945800781,272.00057373046997,304.2471466064453,1,-1,-1,-1
186,19,0.0,249.1232452392578,213.27639770507812,236.2675628662109,1,-1,-1,-1
186,22,968.2915942382864,0.8605099296071171,249.38684545850884,360.340046350196,1,-1,-1,-1
186,24,662.6597961425794,0.17962556815441777,396.5935913085921,315.6869632297095,1,-1,-1,-1
186,20,339.45263671874943,313.92059326171886,384.57073974609375,288.50397867838547,1,-1,-1,-1
186,23,1262.4501464843765,124.10119628906249,384.6450683593786,297.5079858398438,1,-1,-1,-1
187,18,1208.9666748046868,890.888305664063,100.10522460937509,195.46986490885408,1,-1,-1,-1
187,21,1063.964318847655,144.98560852050778,274.5195678710952,313.6539129638679,1,-1,-1,-1
187,19,0.0,308.5898132324219,215.71092224121094,262.45443725585943,1,-1,-1,-1
187,22,968.7190942382871,1.1473465728094898,257.15469775327284,416.55761011976006,1,-1,-1,-1
187,24,661.9752960205092,2.9785103955680907,387.5113952636723,391.63554409451007,1,-1,-1,-1
187,20,331.98531036376926,386.8165445963543,392.8515426635746,296.313621419271,1,-1,-1,-1
187,23,1267.9027343749997,195.3435058593751,381.2886718750004,298.4210506184896,1,-1,-1,-1
188,18,1208.066674804689,951.9521833405672,100.10522460937509,133.8165315755213,1,-1,-1,-1
188,21,1057.498937988281,220.6813002522786,281.8466430664101,292.5823716227225,1,-1,-1,-1
188,19,0.0,370.8088989257812,214.60784912109375,258.6146850585937,1,-1,-1,-1
188,22,969.1465942382879,1.4341832160118622,264.9225500480368,472.77517388932404,1,-1,-1,-1
188,24,659.4907958984373,63.804061889648494,376.629199218751,384.17079162597673,1,-1,-1,-1
188,20,324.5179840087891,459.7124959309898,401.1323455810556,304.12326416015657,1,-1,-1,-1
188,23,1254.8955078125,262.1658020019531,393.621826171875,290.37746459960954,1,-1,-1,-1
189,18,1207.1666748046875,1013.0160610170717,100.10522460937509,73.97653157552169,1,-1,-1,-1
189,21,1071.5570068359375,284.5296630859374,267.1311035156279,291.36035156250006,1,-1,-1,-1
189,19,0.0,432.8582458496093,217.0089569091797,267.2229919433594,1,-1,-1,-1
189,22,969.5740942382886,1.7210198592142347,272.6904023428008,528.992737658888,1,-1,-1,-1
189,24,663.4082519531252,129.02014160156256,405.51719970703124,374.3490905761718,1,-1,-1,-1
189,20,331.45065765380934,536.2351139322926,395.01314849853577,274.75957356771005,1,-1,-1,-1
189,23,1256.8837646484383,326.8135986328127,392.3698730468775,295.7767659505207,1,-1,-1,-1
190,21,1066.6242065429685,423.35770345052066,276.1571085612011,288.35384114583337,1,-1,-1,-1
190,19,0.18969726562499734,542.1358032226561,218.83570861816406,269.14105224609375,1,-1,-1,-1
190,22,970.0015942382864,105.67007872463864,288.1082546375643,539.4236347617848,1,-1,-1,-1
190,24,673.049420166017,269.1989575195314,393.5971557617177,365.64872741699236,1,-1,-1,-1
190,20,338.38333129882847,670.784398600261,388.8939514160158,270.7825496419286,1,-1,-1,-1
190,23,1269.3317871093748,456.3350830078128,378.70715332031244,294.8892960611976,1,-1,-1,-1
190,25,477.94573974609375,0.3006134033203196,328.1927490234375,111.80966410319013,1,-1,-1,-1
191,21,1069.7914062500001,483.3057438151038,271.6831136067733,285.3473307291667,1,-1,-1,-1
191,19,0.21617889404296875,601.756591796875,219.48600006103516,279.56451416015614,1,-1,-1,-1
191,22,970.4290942382839,178.79247092339656,278.84039264661556,524.2088175789679,1,-1,-1,-1
191,24,680.890588378907,333.2177734375003,383.4771118164063,356.9483642578126,1,-1,-1,-1
191,20,330.27687377929664,747.8388403320316,406.7627380371098,266.11356852213623,1,-1,-1,-1
191,23,1262.8715820312502,524.9497070312499,390.597900390625,279.3396606445312,1,-1,-1,-1
191,25,477.9457397460937,0.3006134033203196,328.19274902343744,173.46299743652344,1,-1,-1,-1
192,21,1072.9586059570318,543.253784179687,267.20911865234547,282.3408203125,1,-1,-1,-1
192,19,0.0,671.5955200195312,220.9712677001953,296.18554687499994,1,-1,-1,-1
192,22,970.8565942382847,241.94152978882107,276.54753065566507,519.874000396151,1,-1,-1,-1
192,24,686.8477294921884,401.742370605469,375.3977783203114,364.30725097656256,1,-1,-1,-1
192,20,326.3768737792973,811.8611544234667,406.7627380371102,269.4380129665811,1,-1,-1,-1
192,23,1262.0460205078127,591.1941528320312,394.96472167968756,270.0126342773437,1,-1,-1,-1
192,25,450.6994628906255,3.8616714477539094,379.4801391601556,230.0660934448242,1,-1,-1,-1
192,26,1077.6285644531265,1.007407407407407,137.14548339843668,128.58348714192704,1,-1,-1,-1
193,21,1067.9168060302732,620.6857502803099,278.41410827636923,270.2583512369798,1,-1,-1,-1
193,19,0.36403656005859375,743.4017944335938,223.32035064697266,307.7061157226562,1,-1,-1,-1
193,22,971.2840942382853,305.0905886542456,274.2546686647146,515.539183213334,1,-1,-1,-1
193,24,661.6943115234377,469.85247802734375,406.7569335937515,357.8049316406251,1,-1,-1,-1
193,20,322.4768737792973,875.8834685149006,406.7627380371101,211.10912407769365,1,-1,-1,-1
193,23,1268.3404541015632,657.7917480468753,394.33715820312506,293.3213639322912,1,-1,-1,-1
193,25,453.21170043945324,73.56041748046874,352.48361206054636,227.45172851562523,1,-1,-1,-1
193,26,1074.028564453125,0.0,149.7454833984375,153.97015380859375,1,-1,-1,-1
194,21,1069.4750061035156,682.7043830475988,292.0190979003922,284.4692154947934,1,-1,-1,-1
194,19,0.0,816.9424438476562,223.84666442871094,263.43194580078114,1,-1,-1,-1
194,22,971.7115942382848,369.5089808530036,271.7818066737635,506.8523660305169,1,-1,-1,-1
194,24,672.2232910156255,535.9909667968755,382.9521240234372,407.42520996093725,1,-1,-1,-1
194,20,315.8768737792969,829.9456907371233,406.7627380371099,257.0469018554694,1,-1,-1,-1
194,23,1260.8220703125007,722.2741088867188,405.0586669921892,295.437041829427,1,-1,-1,-1
194,25,453.21166992187534,140.91533548990878,353.98402099609336,221.7951747639976,1,-1,-1,-1
194,26,1083.243896484375,0.0,150.8125000000001,214.07794189453122,1,-1,-1,-1
194,27,1428.8374023437584,1.007407407407407,429.25397949218166,318.78845499674446,1,-1,-1,-1
195,21,1078.233206176757,788.2430158148873,280.42408752441474,298.68007975260696,1,-1,-1,-1
195,19,0.0677490234375,962.2479858398436,220.68653869628906,124.09307861328125,1,-1,-1,-1
195,22,972.1390942382856,498.05343365782187,280.1089446828131,492.2310033931543,1,-1,-1,-1
195,24,673.9517578125019,668.3803710937498,405.1051025390634,369.04147786458367,1,-1,-1,-1
195,23,1286.4422607421875,853.8605346679689,377.9329833984376,232.91485595703134,1,-1,-1,-1
195,25,449.75599365234496,280.8660148111981,351.9945800781247,216.6463680013025,1,-1,-1,-1
195,26,1073.6129150390625,34.26254653930665,154.53894042968733,300.11645126342773,1,-1,-1,-1
195,28,1.0,1.0074074074074075,403.3536529541022,413.97339009602854,1,-1,-1,-1
195,27,1434.2374023437578,52.955195839964475,424.4539794921819,355.65956610785554,1,-1,-1,-1
196,21,1083.3914062499987,852.981648582176,281.42907714843744,234.01094401041962,1,-1,-1,-1
196,22,972.5665942382865,563.1312197959734,288.4360826918626,499.36964075579124,1,-1,-1,-1
196,24,672.5244506835951,737.8995139793115,408.879895019532,349.09307861328125,1,-1,-1,-1
196,23,1281.3797607421875,911.7782592773438,384.3878173828125,174.2310180664063,1,-1,-1,-1
196,25,476.69512939453136,347.67632303873705,318.31142578124985,208.7696559651702,1,-1,-1,-1
196,26,1073.008300781252,2.2551727294922026,173.14968261718622,418.74526102701805,1,-1,-1,-1
196,28,0.6054458618166193,61.25204812509047,403.3536529541022,413.97339009602854,1,-1,-1,-1
196,27,1439.637402343757,104.90298427252154,419.65397949218203,392.53067721896656,1,-1,-1,-1
197,21,1090.8837158203155,920.4425575991028,278.7406494140618,166.55003499349147,1,-1,-1,-1
197,22,972.9940942382862,620.1187495238688,269.6247591624519,465.77802170817205,1,-1,-1,-1
197,24,665.0974609374997,797.8641357421875,399.2651855468764,288.7093505859376,1,-1,-1,-1
197,23,1303.7388916015625,980.345947265625,359.8541259765624,106.2930908203125,1,-1,-1,-1
197,25,473.27297973632864,416.3859647623701,322.11768188476526,197.28493367513067,1,-1,-1,-1
197,26,973.3624877929708,0.7034985351562449,275.1545776367178,442.0317919921878,1,-1,-1,-1
197,28,0.2108917236332384,121.49668884277354,403.3536529541022,413.97339009602854,1,-1,-1,-1
197,27,1445.0374023437564,156.85077270507864,414.8539794921822,429.40178833007764,1,-1,-1,-1
198,22,973.4215942382853,681.8986602041454,276.01343563304,404.7273550415047,1,-1,-1,-1
198,24,701.3628540039069,865.8144309714986,360.6917358398456,221.17816162109366,1,-1,-1,-1
198,25,471.12799072265597,480.52640625,321.2658325195313,195.352133789064,1,-1,-1,-1
198,26,987.2482910156249,79.91217041015622,315.3880371093748,424.2696533203126,1,-1,-1,-1
198,28,3.536499023437941,186.6044311523439,405.15206909179716,419.2945735677082,1,-1,-1,-1
198,27,1440.307519531257,220.37954895019587,415.36273193358767,418.4682375081374,1,-1,-1,-1
199,22,979.6090942382851,756.3719042177553,276.6421121036275,330.620688374838,1,-1,-1,-1
199,24,751.2819824218753,933.2860107421884,317.85926513671814,152.2661132812502,1,-1,-1,-1
199,25,465.11517333984375,542.9272261555991,342.998254394531,198.18892374674647,1,-1,-1,-1
199,26,980.7554321289068,155.9390869140626,316.2877807617182,407.4596557617191,1,-1,-1,-1
199,28,8.420620727539784,250.63073730468787,405.01843566894564,419.9209448242185,1,-1,-1,-1
199,27,1435.5776367187573,283.90832519531307,415.87148437499303,407.5346866861971,1,-1,-1,-1
200,22,997.6090942382846,874.4519042177553,253.983288574216,212.54068837483757,1,-1,-1,-1
200,25,459.7716979980472,683.4287841796876,346.30895385742156,186.86192382812644,1,-1,-1,-1
200,26,976.2733764648467,239.5830021158853,325.8476928710923,428.50916097005245,1,-1,-1,-1
200,28,0.8979492187502172,380.2577819824222,410.6845397949221,423.45729858398414,1,-1,-1,-1
200,27,1433.218994140632,359.6752629258904,419.7700012206964,396.9343674045134,1,-1,-1,-1
201,25,455.53179931640693,740.2953100585939,353.277709960937,188.26932617187524,1,-1,-1,-1
201,26,986.843994140625,303.92535929361986,238.125,417.0002388509116,1,-1,-1,-1
201,28,8.986267089843745,440.74282836914074,401.78961181640625,424.9830106608071,1,-1,-1,-1
201,27,1430.8603515625068,435.4422006564678,423.66851806639966,386.3340481228296,1,-1,-1,-1
201,29,1297.206298828125,0.0,246.39001464843759,149.45266723632812,1,-1,-1,-1
202,25,457.0097808837904,815.0464742024747,344.3880950927727,183.85160400390834,1,-1,-1,-1
202,26,986.4635620117185,371.6430358886718,308.9631958007812,396.0910949707031,1,-1,-1,-1
202,28,2.771905517578363,507.6291503906257,410.50009765625,424.87728352864536,1,-1,-1,-1
202,27,1428.5017089843811,511.2091383870452,427.56703491210294,375.7337288411459,1,-1,-1,-1
202,29,1212.7803955078125,0.0,329.6821289062499,215.2327117919922,1,-1,-1,-1
203,25,458.48776245117256,875.2909716796877,303.09848022460943,179.43388183593868,1,-1,-1,-1
203,26,992.1538696289081,432.3311462402347,302.2119995117169,387.5459289550784,1,-1,-1,-1
203,28,0.30221557617202954,572.9143066406257,410.33096313476597,429.46048828124964,1,-1,-1,-1
203,27,1426.1430664062564,606.3182983398448,431.4655517578061,345.79118733723857,1,-1,-1,-1
203,29,1191.89404296875,0.0,350.48693847656244,283.9013671875,1,-1,-1,-1
204,25,462.4646301269535,936.0904174804689,293.88131713867205,150.70169677734478,1,-1,-1,-1
204,26,993.508483886719,500.8451843261718,222.43792724609386,399.5455627441406,1,-1,-1,-1
204,28,1.1853149414065145,639.9891357421885,418.43067626953183,431.23497395833255,1,-1,-1,-1
204,27,1427.3826904296918,661.7222835286472,426.56231689452676,346.5482299804676,1,-1,-1,-1
204,29,1198.658935546875,51.5867156982422,340.3139648437501,295.0713958740234,1,-1,-1,-1
204,30,629.0378417968751,0.9897823333740208,337.55584716796875,150.3565921783447,1,-1,-1,-1
204,31,1032.0279541015684,1.1453704833984395,227.37165527343637,90.37186319986978,1,-1,-1,-1
204,32,1.0000000000002955,1.0074074074074073,248.55442199707045,154.6762590535483,1,-1,-1,-1
205,26,1035.546739668534,618.1923730468761,261.67098388671764,394.07457356770794,1,-1,-1,-1
205,28,1.000000000000022,764.7987506329572,423.7405151367188,322.19384195963585,1,-1,-1,-1
205,27,1425.0222677332529,739.6873199688958,421.65908203124735,347.3052726236967,1,-1,-1,-1
205,29,1194.1825205853752,173.1314790852864,356.8894775390622,305.4422912597656,1,-1,-1,-1
205,30,561.8122436523449,1.007407407407407,395.40274658203083,282.7003867594401,1,-1,-1,-1
205,31,1032.0279541015668,2.9587038167317736,270.5716552734379,173.78519653320308,1,-1,-1,-1
205,32,1.0000000000000104,68.10074074074076,248.55442199707028,219.95625905354828,1,-1,-1,-1
206,26,995.963012695315,675.779113769531,291.8256591796851,359.98309326171875,1,-1,-1,-1
206,28,1.0000000000004337,818.0217722800924,418.53386840820286,268.97082031250017,1,-1,-1,-1
206,27,1427.6798095703127,844.391052246094,376.3939208984376,243.6089477539062,1,-1,-1,-1
206,29,1193.3768310546875,227.12907409667972,343.1036376953124,307.3117218017578,1,-1,-1,-1
206,30,577.2478637695314,0.0,392.37066650390625,360.5135192871094,1,-1,-1,-1
206,31,1025.0159912109377,0.5233383178710938,285.42004394531256,257.80030059814453,1,-1,-1,-1
206,32,0.0,94.33396911621094,264.5268249511719,270.6696014404297,1,-1,-1,-1
207,26,1026.3576782226578,736.4908447265627,265.0648315429674,348.15856933593744,1,-1,-1,-1
207,28,1.328283691406412,879.7868041992188,394.0212646484379,206.67547607421884,1,-1,-1,-1
207,27,1422.2798095703129,923.1703115053531,376.39392089843756,163.82228108724044,1,-1,-1,-1
207,29,1194.0975341796877,287.3829650878906,339.7769775390625,318.23666381835943,1,-1,-1,-1
207,30,557.8305053710939,15.762542724609375,411.4273681640625,411.1585693359375,1,-1,-1,-1
207,31,1019.4453735351562,0.4922561645507706,295.25787353515636,318.6355514526367,1,-1,-1,-1
207,32,0.0,162.54634094238284,267.50775146484375,271.7890777587891,1,-1,-1,-1
208,26,1017.357678222658,814.9940232566533,265.06483154296734,271.99856933593895,1,-1,-1,-1
208,28,103.75282287597652,939.8820190429688,282.86717224121094,146.37408447265634,1,-1,-1,-1
208,29,1189.557861328125,344.8831481933593,344.2313232421876,323.13082885742193,1,-1,-1,-1
208,30,568.1779174804688,79.78765869140628,399.13330078125,405.5691833496094,1,-1,-1,-1
208,31,1026.8460693359375,44.64601135253906,287.2454833984374,337.34361267089844,1,-1,-1,-1
208,32,0.0,229.2802276611328,265.1746520996094,269.65702819824213,1,-1,-1,-1
209,29,1205.0941162109375,398.79446411132807,329.0921630859376,327.23721313476557,1,-1,-1,-1
209,30,563.7306518554688,149.3741455078125,403.9283447265626,397.0032958984375,1,-1,-1,-1
209,31,1025.0406494140625,109.8577880859375,296.11291503906244,332.44732666015625,1,-1,-1,-1
209,32,0.16877746582031783,293.5585632324219,251.46212768554688,280.0767517089844,1,-1,-1,-1
210,29,1185.1160888671875,511.07748413085943,343.0887451171874,351.1032409667969,1,-1,-1,-1
210,30,558.8435668945312,279.4917602539062,399.87695312500006,403.3832397460938,1,-1,-1,-1
210,31,1013.2902832031252,238.59957885742185,306.62731933593756,323.6546936035156,1,-1,-1,-1
210,32,0.0,432.80639648437506,256.1298828125,275.27423095703125,1,-1,-1,-1
210,33,827.9324340820317,0.2928543090820336,288.1152954101563,148.82993886311849,1,-1,-1,-1
211,29,1191.1424560546875,569.74365234375,339.6038818359375,351.2091064453125,1,-1,-1,-1
211,30,557.206298828125,347.65255737304693,399.99255371093756,399.8288269042968,1,-1,-1,-1
211,31,1008.9378662109373,301.3660888671875,309.24426269531244,323.1502075195313,1,-1,-1,-1
211,32,0.0,496.8937683105468,273.1150207519531,282.86788940429693,1,-1,-1,-1
211,33,827.9324340820312,0.292854309082033,288.1152954101563,206.85660552978516,1,-1,-1,-1
212,29,1187.16162109375,623.842041015625,343.9632568359376,365.3355102539063,1,-1,-1,-1
212,30,554.5197753906251,403.5216064453126,400.39617919921875,410.07977294921875,1,-1,-1,-1
212,31,1004.6828613281251,365.1155090332031,315.6727294921874,322.79531860351557,1,-1,-1,-1
212,32,0.0588226318359375,563.722412109375,288.0619354248047,280.4064331054687,1,-1,-1,-1
212,33,828.2206420898438,1.4608840942382786,293.17926025390625,265.1725387573242,1,-1,-1,-1
213,29,1179.9619140625005,679.138610839844,355.07607421874883,385.7439314778644,1,-1,-1,-1
213,30,577.11328125,471.14575195312494,373.53515625,408.5643920898437,1,-1,-1,-1
213,31,1008.233642578125,430.53762817382807,313.25427246093744,313.8440246582032,1,-1,-1,-1
213,32,0.0,621.6566162109375,322.4091796875,297.9426269531251,1,-1,-1,-1
213,33,825.0492553710938,1.670231221516936,290.9522094726562,335.2929808553059,1,-1,-1,-1
214,29,1190.69287109375,730.116455078125,337.4099121093751,357.88354492187494,1,-1,-1,-1
214,30,565.2811889648438,536.5411376953125,384.3056030273437,411.70385742187494,1,-1,-1,-1
214,31,1009.0761108398438,492.7262878417968,308.08111572265636,309.2139587402343,1,-1,-1,-1
214,32,0.0,686.5422973632812,323.0509033203125,294.13073730468756,1,-1,-1,-1
214,33,829.0958129882823,1.560429077148459,277.6730102539077,387.6412615966796,1,-1,-1,-1
214,34,1309.7890625000005,0.32163619995116877,259.13342285156256,131.6749153137207,1,-1,-1,-1
214,35,62.977686309815404,1.007407407407407,332.17468185424786,86.01584167480472,1,-1,-1,-1
215,29,1192.0780029296875,842.86962890625,336.5402832031251,244.809814453125,1,-1,-1,-1
215,30,550.8784790039062,661.1464843750001,399.73278808593756,416.26586914062506,1,-1,-1,-1
215,31,1011.5972900390625,617.1339721679688,307.3886718749999,307.45001220703125,1,-1,-1,-1
215,32,0.28880310058594816,789.7194213867188,322.21934509277344,296.81170654296886,1,-1,-1,-1
215,33,826.9953002929689,144.05825805664062,280.95294189453125,376.3803405761719,1,-1,-1,-1
215,34,1267.727783203125,0.0,314.0354003906249,261.6455688476562,1,-1,-1,-1
215,35,48.57768630981446,0.3021697998046946,351.97468185424805,194.8158416748047,1,-1,-1,-1
216,29,1283.708251953125,900.8660888671876,250.308837890625,186.46228027343744,1,-1,-1,-1
216,30,546.404296875,725.802490234375,402.3740844726563,360.881591796875,1,-1,-1,-1
216,31,1006.8094482421874,677.515869140625,314.4100341796876,305.70025634765625,1,-1,-1,-1
216,32,0.0,854.2674560546875,322.4847106933594,230.9920654296875,1,-1,-1,-1
216,33,822.9735717773436,209.27293395996094,284.24371337890636,368.4125518798828,1,-1,-1,-1
216,34,1266.4925537109375,1.918281555175776,314.284912109375,323.0884017944336,1,-1,-1,-1
216,35,47.0482063293457,0.0,350.4330253601074,262.0855407714844,1,-1,-1,-1
217,29,1303.3221435546873,963.5062866210936,231.35437011718756,124.49371337890622,1,-1,-1,-1
217,30,543.9532470703125,795.5330200195311,401.64941406250006,290.4673461914063,1,-1,-1,-1
217,31,1010.4094848632814,744.6600952148438,305.88677978515625,299.20745849609375,1,-1,-1,-1
217,32,0.3660049438476509,920.2262573242186,324.6250534057617,165.65716552734375,1,-1,-1,-1
217,33,819.88330078125,269.04360758463537,285.78295898437494,380.1905843098961,1,-1,-1,-1
217,34,1260.409912109375,53.49674606323243,321.2108154296875,331.87242507934576,1,-1,-1,-1
217,35,39.43371963500978,3.043853759765611,356.7665367126465,313.4253234863281,1,-1,-1,-1
218,29,1327.34619140625,1018.446533203125,189.56140136718756,68.87487792968746,1,-1,-1,-1
218,30,535.0181030273438,861.7084350585938,411.8807006835939,225.02117919921872,1,-1,-1,-1
218,31,1004.1045654296873,809.1495139793112,306.12976074218744,277.8430786132813,1,-1,-1,-1
218,32,0.9999999999999964,979.7627952293112,313.6528533935562,107.2297973632816,1,-1,-1,-1
218,33,820.5643310546873,331.64023803710944,282.43591308593744,380.88710571289056,1,-1,-1,-1
218,34,1260.9716796874998,116.0655975341797,307.5893554687501,334.5746307373047,1,-1,-1,-1
218,35,33.57902526855469,63.93727111816406,360.01377868652344,313.7688446044922,1,-1,-1,-1
219,30,581.136474609375,920.4852905273438,362.0782470703125,165.75433349609384,1,-1,-1,-1
219,31,999.5734863281248,868.0178833007812,305.041748046875,219.0775756835937,1,-1,-1,-1
219,32,144.3571746826172,1029.1199119285302,175.94654846191406,57.87268066406247,1,-1,-1,-1
219,33,814.2017822265627,402.48037719726574,288.0289306640625,375.59793090820307,1,-1,-1,-1
219,34,1254.5921630859373,166.76051330566403,308.76086425781244,349.4015350341797,1,-1,-1,-1
219,35,33.69937133789061,137.5970306396484,360.0493469238281,301.22871398925787,1,-1,-1,-1
220,31,1008.6253051757812,994.3004150390626,236.0258178710937,92.37817382812506,1,-1,-1,-1
220,33,811.552734375,526.6187133789061,287.68908691406244,374.7745971679687,1,-1,-1,-1
220,34,1251.0399169921875,293.56091308593744,309.744873046875,342.5211181640625,1,-1,-1,-1
220,35,24.9737548828125,255.19822692871094,360.205810546875,314.0382843017578,1,-1,-1,-1
221,33,804.3466186523441,593.9595947265623,283.9756469726562,387.89676350911475,1,-1,-1,-1
221,34,1250.11669921875,354.4233703613282,314.1910400390624,345.1107482910157,1,-1,-1,-1
221,35,20.57262039184571,313.0935974121094,364.7688102722168,325.1492614746094,1,-1,-1,-1
221,36,983.1891601562504,1.007407407407407,252.85354003906394,161.02704823811857,1,-1,-1,-1
222,33,799.393798828125,655.3131713867185,286.3894042968751,374.2431030273438,1,-1,-1,-1
222,34,1240.81689453125,417.27337646484364,324.4943847656249,338.642578125,1,-1,-1,-1
222,35,15.736541748046875,372.9710998535156,363.33511352539057,324.7333068847656,1,-1,-1,-1
222,36,965.8773193359376,0.0,263.49133300781233,197.33285522460938,1,-1,-1,-1
223,33,792.6895751953124,719.7485961914062,292.1627197265625,365.6372680664062,1,-1,-1,-1
223,34,1236.335205078125,482.1768493652343,322.09521484375,337.3136901855469,1,-1,-1,-1
223,35,16.896583557128917,438.8273620605468,360.87316131591797,325.0628967285156,1,-1,-1,-1
223,36,888.4438720703138,1.007407407407407,349.80275878906167,285.425811360677,1,-1,-1,-1
224,33,796.3971557617189,784.09375,285.1704711914062,301.99145507812494,1,-1,-1,-1
224,34,1237.8150634765627,543.0665283203124,316.06201171875,341.3992309570313,1,-1,-1,-1
224,35,11.156925201416012,507.20837402343756,361.9607810974121,320.7041625976563,1,-1,-1,-1
224,36,859.7735839843783,1.0074074074074075,371.7665527343721,344.6332301839193,1,-1,-1,-1
225,33,827.8971557617197,909.2137499999999,227.5704711914063,176.87145507812644,1,-1,-1,-1
225,34,1233.2535400390625,676.4735717773436,331.2471923828124,338.5668334960937,1,-1,-1,-1
225,35,1.0000000000002172,635.3238313802087,363.45711517333996,329.45597005208333,1,-1,-1,-1
225,36,826.3565063476573,17.582563883463582,396.1102416992181,453.9439575195319,1,-1,-1,-1
225,37,986.1000000000014,1.007407407407415,347.4000000000006,192.21333333333354,1,-1,-1,-1
226,33,859.3971557617195,969.0537499999997,169.9704711914064,117.03145507812822,1,-1,-1,-1
226,34,1230.6244628906252,748.5804221824362,330.43139648437494,338.41217041015625,1,-1,-1,-1
226,35,1.0406982421876199,695.7565332031253,358.2815551757812,328.71272135416683,1,-1,-1,-1
226,36,834.5252929687505,78.52671274820976,384.2468994140611,460.66918039957665,1,-1,-1,-1
226,38,317.6607360839845,0.6251678466796832,250.04550170898435,161.39943481445317,1,-1,-1,-1
226,39,1740.728735351566,25.043149617512938,178.27126464843778,178.72194559733222,1,-1,-1,-1
226,37,960.9000000000011,1.007407407407415,386.99999999999955,264.7466666666667,1,-1,-1,-1
227,34,1226.321533203125,809.323791503906,326.3194580078125,276.6030883789063,1,-1,-1,-1
227,35,0.2641525268554634,767.7572631835939,354.1293411254883,317.6167602539062,1,-1,-1,-1
227,36,840.1410278320317,147.72361267089875,370.1591430664054,442.6612009684242,1,-1,-1,-1
227,38,312.3750305175782,4.8391113281249964,253.5845031738281,203.3968505859375,1,-1,-1,-1
227,40,15.34991455078126,0.2609481811523455,325.1953125,181.4743118286133,1,-1,-1,-1
227,39,1727.9687353515665,86.3338162841796,190.51126464843722,178.72194559733222,1,-1,-1,-1
227,37,960.0692307692317,1.8288319088318634,381.87692307692276,327.09743589743596,1,-1,-1,-1
228,34,1224.833251953125,879.4872436523438,307.9273681640624,207.3247680664062,1,-1,-1,-1
228,35,1.037681579589833,836.4476318359375,352.7577896118164,247.1339111328125,1,-1,-1,-1
228,36,832.0059008789069,214.93407446289092,377.40728271484295,428.78632771809885,1,-1,-1,-1
228,38,301.2762145996094,61.69186019897461,253.6245422363281,219.19049453735352,1,-1,-1,-1
228,40,1.3702697753906357,4.327445983886715,339.3179931640625,248.86486053466797,1,-1,-1,-1
228,39,1715.2087353515665,158.50448295084627,202.75126464843666,167.84194559733245,1,-1,-1,-1
228,37,950.8384615384629,15.04136752136749,385.1538461538464,386.12376068376125,1,-1,-1,-1
229,34,1234.86328125,939.9058227539061,289.48181152343744,145.64715576171872,1,-1,-1,-1
229,35,1.6721649169921982,904.5407104492186,350.46321105957037,181.5285034179687,1,-1,-1,-1
229,36,820.7207739257832,280.33120292154985,385.55542236328,427.6047878011065,1,-1,-1,-1
229,38,300.58135986328125,134.36444091796875,249.01336669921875,205.35299682617188,1,-1,-1,-1
229,40,0.0,11.678649902343757,338.92687988281256,317.6429443359375,1,-1,-1,-1
229,39,1702.4487353515674,227.04848295084622,214.99126464843613,160.588612263999,1,-1,-1,-1
229,37,941.6076923076934,79.02723646723643,388.4307692307697,394.3767521367531,1,-1,-1,-1
230,36,809.4356469726587,407.3816647135419,393.7035620117172,401.0365812174479,1,-1,-1,-1
230,38,291.186767578125,259.6876831054688,248.22583007812506,233.80059814453122,1,-1,-1,-1
230,40,0.0,60.87524414062499,320.3370666503906,384.10784912109375,1,-1,-1,-1
230,39,1692.3887353515684,282.8991496175129,224.5312646484354,166.02861226399904,1,-1,-1,-1
230,37,932.3769230769237,240.02643874643852,391.7076923076926,370.8964102564101,1,-1,-1,-1
231,36,810.2590454101603,475.9961889347036,388.7234863281227,413.3044481065544,1,-1,-1,-1
231,38,280.74343872070307,330.7593383789062,253.91085815429685,230.19268798828128,1,-1,-1,-1
231,40,0.24984741210936967,97.17352294921878,326.7225036621094,426.63903808593744,1,-1,-1,-1
231,39,1682.3287353515693,338.7498162841796,234.0712646484347,171.46861226399903,1,-1,-1,-1
231,37,934.3461538461545,308.5456410256408,383.7846153846156,376.1271794871795,1,-1,-1,-1
232,36,811.0824438476611,540.9840464891989,392.74341064452744,402.3616483289928,1,-1,-1,-1
232,38,286.02410888671875,394.3994750976562,243.5355834960938,230.57452392578128,1,-1,-1,-1
232,40,0.12675476074219816,175.55355834960935,303.42512512207026,408.40591430664057,1,-1,-1,-1
232,39,1682.345883760003,401.51138276963013,234.92078290666637,172.46201568240357,1,-1,-1,-1
232,41,1788.1008300781255,6.634128570556644,131.899169921875,96.79484939575195,1,-1,-1,-1
232,37,936.315384615385,377.0648433048431,375.8615384615388,381.35794871794894,1,-1,-1,-1
233,36,811.9058422851624,607.7852373770271,381.91333496093324,398.67218188476534,1,-1,-1,-1
233,38,281.92959594726557,461.1026000976562,254.1551208496094,234.54235839843747,1,-1,-1,-1
233,40,8.447233792486613e-13,242.9895629882813,315.3775756835936,422.13563639322916,1,-1,-1,-1
233,39,1682.3630321684366,464.27294925508056,235.77030116489806,173.45541910080811,1,-1,-1,-1
233,41,1772.0291748046875,51.266181945800774,147.97082519531259,112.72994232177734,1,-1,-1,-1
233,42,1000.918762207033,0.7375602722167984,186.80838623046827,59.73139623006183,1,-1,-1,-1
233,37,938.2846153846161,447.7859503459502,374.2384615384617,383.8687179487183,1,-1,-1,-1
234,36,812.7292407226629,680.0264282648558,381.2832592773395,391.3560487738713,1,-1,-1,-1
234,38,283.61029052734375,529.9801025390624,260.8888549804688,232.79370117187503,1,-1,-1,-1
234,40,0.2254943847659106,309.2475236002606,310.54194946289067,420.43405598958327,1,-1,-1,-1
234,39,1682.3801805768705,527.0345157405311,236.61981942312974,174.44882251921265,1,-1,-1,-1
234,41,1714.9339599609377,0.7314147949218812,205.06604003906256,210.74459838867188,1,-1,-1,-1
234,42,1000.9187622070312,0.7375602722167991,199.4083862304687,123.1980628967285,1,-1,-1,-1
234,37,940.2538461538471,518.5070573870573,372.6153846153846,386.37948717948757,1,-1,-1,-1
235,36,813.5526391601624,807.5742858193494,291.55318359374576,278.866582329646,1,-1,-1,-1
235,38,275.11019897460943,672.6346435546876,267.5452575683594,235.90466308593747,1,-1,-1,-1
235,40,5.121887422701446e-13,452.6511840820316,303.6621643066402,410.2684936523438,1,-1,-1,-1
235,39,1681.5306623186389,620.0183044482038,237.46933768136142,175.4422259376172,1,-1,-1,-1
235,41,1693.8768310546877,23.270977020263658,226.12316894531256,313.00963211059576,1,-1,-1,-1
235,42,998.437683105469,5.254531860351561,201.48150634765636,238.78070068359378,1,-1,-1,-1
235,43,1366.6153564453125,0.46817779541015003,298.72265625000006,192.92044830322266,1,-1,-1,-1
235,37,934.4230769230787,667.3828310948327,373.572307692308,388.7693675213673,1,-1,-1,-1
236,36,814.3760375976622,873.4688100405093,255.823107910152,213.52378255208498,1,-1,-1,-1
236,38,272.3292236328125,749.1000366210938,260.0269775390625,208.84570312500009,1,-1,-1,-1
236,40,0.11922454834031386,522.3339538574218,306.52228546142555,393.11126708984375,1,-1,-1,-1
236,39,1680.6811440604072,713.0020931558765,238.3188559395931,176.4356293560218,1,-1,-1,-1
236,41,1692.56689453125,85.21882629394531,227.43310546875006,316.24440002441406,1,-1,-1,-1
236,42,940.9434814453124,0.4103393554687571,255.0076904296876,304.403076171875,1,-1,-1,-1
236,43,1359.6390380859375,0.6062393188476509,329.4847412109376,263.3557052612305,1,-1,-1,-1
236,44,444.42376098632855,1.0074074074074073,268.0301208496094,278.80437825520846,1,-1,-1,-1
236,37,928.5923076923101,732.8452714692725,374.52923076923145,354.89258119658064,1,-1,-1,-1
237,36,820.5758728027392,934.7502175112108,193.87266235351197,152.24237508138256,1,-1,-1,-1
237,38,266.6421508789062,816.00537109375,260.34436035156256,205.7221069335938,1,-1,-1,-1
237,40,0.2384490966806651,592.0167236328132,296.7824066162106,423.1007071940099,1,-1,-1,-1
237,39,1679.8316258021755,805.9858818635494,239.1683741978248,177.42903277442633,1,-1,-1,-1
237,41,1691.4451904296877,157.5863342285156,228.55480957031256,305.5830688476562,1,-1,-1,-1
237,42,923.2902832031249,41.110839843749986,268.30004882812494,321.2431945800781,1,-1,-1,-1
237,43,1367.9019775390625,1.7282409667968768,316.2446289062499,332.3782958984375,1,-1,-1,-1
237,44,444.4237609863289,37.23968994140626,268.03012084960943,315.07104492187506,1,-1,-1,-1
237,37,922.7615384615402,818.2543785103779,364.6861538461547,268.42912820512885,1,-1,-1,-1
238,36,814.7168670654328,1004.9148869041154,153.35763244628708,82.07770568847813,1,-1,-1,-1
238,38,262.5209655761719,890.9860839843751,258.3096008300781,195.38818359374994,1,-1,-1,-1
238,40,0.12487792968876353,656.8347473144538,298.47469635009736,430.7886686197916,1,-1,-1,-1
238,39,1679.5321075439474,860.5874483489997,240.0178924560565,178.42243619283087,1,-1,-1,-1
238,41,1692.18017578125,226.14070129394534,227.81982421875,242.7899627685547,1,-1,-1,-1
238,42,940.6630249023439,107.18357849121094,250.0764770507812,314.1154022216797,1,-1,-1,-1
238,43,1364.489501953125,0.06394958496093572,323.4074707031251,370.70918273925776,1,-1,-1,-1
238,44,430.02376098632845,107.95968994140625,268.03012084960943,315.07104492187506,1,-1,-1,-1
238,37,936.43076923077,886.4368188848184,342.54307692307776,200.40123076923112,1,-1,-1,-1
239,38,262.09472656250006,956.6779174804688,249.91882324218756,129.63018798828125,1,-1,-1,-1
239,40,0.011306762696098953,721.6527709960955,291.16698608398355,362.3166300455711,1,-1,-1,-1
239,39,1784.0468750000005,916.4842529296875,135.953125,162.83679199218753,1,-1,-1,-1
239,41,1685.4711914062507,294.0155029296873,230.9288085937501,226.11206054687514,1,-1,-1,-1
239,42,956.8952636718751,176.3770751953125,225.80456542968756,306.699462890625,1,-1,-1,-1
239,43,1354.8249511718752,26.273437499999993,329.2293701171874,341.4101257324219,1,-1,-1,-1
239,44,440.8237609863281,184.11968994140625,268.0301208496094,315.07104492187506,1,-1,-1,-1
239,37,950.1,954.6192592592586,320.40000000000083,132.37333333333342,1,-1,-1,-1
240,40,0.04131317138671875,873.2532348632814,187.52988433837893,211.3137817382813,1,-1,-1,-1
240,41,1684.6988525390625,441.1606750488281,235.20556640625017,234.27035522460938,1,-1,-1,-1
240,42,987.7436523437501,284.1596984863281,184.80908203125006,321.0090026855468,1,-1,-1,-1
240,43,1358.382568359375,195.00311279296875,315.9163818359375,366.68389892578125,1,-1,-1,-1
240,44,417.4237609863283,330.9996899414062,305.83012084961103,315.07104492187517,1,-1,-1,-1
241,40,0.04827117919922408,927.6251220703124,173.956184387207,159.3614501953125,1,-1,-1,-1
241,41,1678.5479736328125,530.0203857421875,241.4520263671875,218.6561279296875,1,-1,-1,-1
241,42,908.8034667968745,405.9295184326173,258.0183105468753,266.6724407958996,1,-1,-1,-1
241,43,1356.4685058593748,239.4388732910156,311.4323730468751,367.70907592773443,1,-1,-1,-1
241,44,413.8237609863284,396.2796899414062,305.83012084961103,315.07104492187517,1,-1,-1,-1
241,45,303.9000000000011,365.28592592592827,165.59999999999928,184.96,1,-1,-1,-1
242,41,1672.0107421875,522.8504028320311,247.98925781249991,304.56793212890625,1,-1,-1,-1
242,42,891.0632812499977,480.55267171223966,270.02753906250075,259.48254557291796,1,-1,-1,-1
242,43,1347.629638671875,307.1569519042969,316.0751953124999,380.5062561035156,1,-1,-1,-1
242,44,404.8237609863284,457.93302327473975,305.83012084961103,315.07104492187517,1,-1,-1,-1
242,45,301.20000000000095,441.74814814815045,160.1999999999994,178.61333333333332,1,-1,-1,-1
243,41,1667.4942626953125,591.8623046875,252.359619140625,316.3606567382812,1,-1,-1,-1
243,42,883.4352050781247,541.5717305501304,273.6133789062508,268.55888468424575,1,-1,-1,-1
243,43,1349.1573486328125,377.66189575195307,309.7360839843749,385.204376220703,1,-1,-1,-1
243,44,406.6237609863288,534.09302327474,277.03012084961057,302.3777115885419,1,-1,-1,-1
243,46,1348.6989257812527,1.0074074074074066,331.476831054686,127.76895879109718,1,-1,-1,-1
243,45,298.50000000000085,518.2103703703725,154.79999999999944,172.2666666666666,1,-1,-1,-1
244,41,1667.1917724609375,657.1477661132812,252.8082275390625,331.71459960937494,1,-1,-1,-1
244,42,889.9557495117184,607.1884570312501,261.0599975585937,265.4305615234376,1,-1,-1,-1
244,43,1340.2503662109375,447.6331787109375,320.2701416015624,360.5363159179687,1,-1,-1,-1
244,44,397.62376098632865,612.0663566080735,277.03012084961046,302.3777115885419,1,-1,-1,-1
244,46,1348.6989257812534,1.007407407407407,331.47683105468593,203.92895879109722,1,-1,-1,-1
244,45,295.80000000000075,594.6725925925947,149.39999999999955,165.9199999999999,1,-1,-1,-1
245,41,1668.3289794921877,794.6281127929688,251.13537597656256,291.4426879882812,1,-1,-1,-1
245,42,868.230651855466,752.544148763021,276.5975952148438,268.976908365887,1,-1,-1,-1
245,43,1315.0797119140625,581.423828125,335.96301269531244,361.79791259765625,1,-1,-1,-1
245,44,403.023760986329,721.9139521393956,286.0301208496103,278.8043782552094,1,-1,-1,-1
245,46,1337.89892578125,39.02342605590821,363.8768310546876,300.03562545776373,1,-1,-1,-1
245,47,869.4752563476574,1.0074074074074215,332.63724365234316,188.54425333658858,1,-1,-1,-1
245,45,285.90000000000066,731.5792592592612,143.99999999999966,159.57333333333318,1,-1,-1,-1
246,41,1666.5953369140625,864.4535522460938,253.4046630859374,222.3683471679687,1,-1,-1,-1
246,42,868.2306518554699,832.5223508933727,265.7975952148436,254.47024169921994,1,-1,-1,-1
246,43,1309.459838867188,646.5022583007818,332.66821289062534,372.24298990885404,1,-1,-1,-1
246,44,408.42376098632934,831.7615476707177,295.0301208496102,255.23104492187682,1,-1,-1,-1
246,46,1337.2906494140625,104.90670776367186,365.06042480468744,312.8695678710937,1,-1,-1,-1
246,47,855.7952563476575,3.164532289858228,342.35724365234336,272.3202533365887,1,-1,-1,-1
246,45,285.9000000000008,811.365925925927,143.99999999999963,136.00000000000082,1,-1,-1,-1
247,41,1666.5953369140673,931.5468855794277,253.4046630859374,155.27501383463672,1,-1,-1,-1
247,42,864.6306518554719,892.3623508933741,254.99759521484333,194.63024169922116,1,-1,-1,-1
247,43,1315.8153076171877,715.54833984375,332.10656738281267,369.90619791666666,1,-1,-1,-1
247,44,374.22376098632986,907.9215476707172,300.43012084961066,179.07104492187793,1,-1,-1,-1
247,46,1332.90087890625,165.9510955810546,364.2342529296875,349.4732371012371,1,-1,-1,-1
247,47,795.3152563476576,41.588323838975676,398.87724365234425,319.8295866699221,1,-1,-1,-1
247,45,287.70000000000067,878.4592592592603,143.99999999999963,136.00000000000082,1,-1,-1,-1
248,43,1314.0091552734375,779.209716796875,328.4256591796876,304.8922119140624,1,-1,-1,-1
248,44,374.2237609863302,985.8948810040508,300.43012084961066,101.09771158854505,1,-1,-1,-1
248,46,1338.0144042968752,245.40985107421878,350.1943359374999,335.1015625,1,-1,-1,-1
248,48,621.427551269533,1.0074074074074073,316.0945434570306,200.47419184366876,1,-1,-1,-1
248,49,26.081016540527337,0.0,286.15665435791016,184.95236206054688,1,-1,-1,-1
248,47,797.2352563476572,116.27878205475989,392.9972436523442,318.3789200032552,1,-1,-1,-1
248,45,267.90000000000066,950.9925925925935,143.99999999999963,136.0000000000008,1,-1,-1,-1
249,43,1314.250244140625,850.6803588867185,335.50854492187506,235.54132080078128,1,-1,-1,-1
249,46,1343.0604248046877,310.1509094238281,340.49450683593756,339.91525268554693,1,-1,-1,-1
249,48,590.9014892578125,0.46206665039063743,346.08123779296875,272.3971252441406,1,-1,-1,-1
249,49,27.429473876953118,2.6577987670898455,278.0059509277344,257.6903457641602,1,-1,-1,-1
249,47,799.1552563476567,190.96924027054402,387.11724365234403,335.96825333658853,1,-1,-1,-1
249,45,267.90000000000015,1027.1525925925923,126.0,59.84000000000008,1,-1,-1,-1
250,46,1341.5963134765625,445.1819458007812,345.4562988281249,351.1397094726562,1,-1,-1,-1
250,48,591.6654663085938,58.79393005371094,338.69842529296875,349.05018615722656,1,-1,-1,-1
250,49,28.876144409179695,141.607177734375,289.63539123535156,270.0248107910156,1,-1,-1,-1
250,47,801.0752563476562,265.6596984863281,381.23724365234386,353.55758666992193,1,-1,-1,-1
251,46,1344.1239013671875,480.43194580078114,340.5753173828125,379.04736328125006,1,-1,-1,-1
251,48,602.6327514648439,130.94132995605472,327.2163696289063,344.062728881836,1,-1,-1,-1
251,49,30.057815551758146,220.48109436035156,306.48375549316364,254.02143859863278,1,-1,-1,-1
251,47,796.4474487304686,342.2881164550782,383.7907104492188,360.4071960449219,1,-1,-1,-1
252,46,1348.0364990234384,610.7391463216144,352.8091064453134,326.90380452474176,1,-1,-1,-1
252,48,600.3739624023436,205.1808013916016,324.9605712890625,346.0677337646485,1,-1,-1,-1
252,49,21.833248901367295,288.8858947753907,314.58561706542986,257.40188598632835,1,-1,-1,-1
252,47,805.7078247070312,416.90213012695307,372.65802001953125,351.2088928222657,1,-1,-1,-1
252,50,1304.39990234375,0.0,297.5961914062499,222.98703002929688,1,-1,-1,-1
253,46,1346.129638671875,610.6179809570312,351.3848876953125,356.76654052734375,1,-1,-1,-1
253,48,583.0203857421876,281.855712890625,345.8258666992204,342.0140991210938,1,-1,-1,-1
253,49,0.5580825805665985,360.2449035644532,340.4394943237302,260.3257751464844,1,-1,-1,-1
253,47,801.6048583984376,491.9158630371093,378.9888916015624,341.87429809570307,1,-1,-1,-1
253,50,1309.904418945313,4.8048706054687464,306.4407958984375,294.692138671875,1,-1,-1,-1
254,46,1351.3026123046884,755.1995581054694,343.0916748046876,321.4208162434912,1,-1,-1,-1
254,48,611.1088256835938,352.1534729003906,320.93389892578114,341.72677612304693,1,-1,-1,-1
254,49,4.17281341552722,438.75881958007835,341.0213516235352,253.81979370117193,1,-1,-1,-1
254,47,812.0153198242188,568.4137573242188,367.17828369140625,336.7335205078125,1,-1,-1,-1
254,50,1309.4505615234373,67.48600006103516,302.4521484375001,306.72618865966797,1,-1,-1,-1
255,46,1356.4143066406252,833.38623046875,346.88330078125,253.7325439453125,1,-1,-1,-1
255,48,579.7029418945315,502.05184936523443,354.30926513671886,343.4258296712238,1,-1,-1,-1
255,49,59.400000000000254,598.0895385742188,296.73193359375045,242.9027099609375,1,-1,-1,-1
255,47,797.6994384765626,708.2688533528656,388.86005859375166,339.518277180989,1,-1,-1,-1
255,50,1316.3310546875,207.8553924560547,299.974365234375,298.6613006591797,1,-1,-1,-1
255,51,262.9335205078129,1.007407407407412,356.0445556640625,203.49267008463548,1,-1,-1,-1
256,46,1360.6729736328125,885.5055541992188,350.9765625,201.08380126953125,1,-1,-1,-1
256,48,598.835083007812,577.6388549804683,337.5156250000001,344.4375268554692,1,-1,-1,-1
256,49,80.64328765869145,686.4688110351561,282.8380416870117,216.69195556640625,1,-1,-1,-1
256,47,805.1994384765635,783.7826954933454,379.8600585937515,303.55383273654473,1,-1,-1,-1
256,50,1318.6835937500002,275.65020751953125,302.3692626953125,300.46240234375,1,-1,-1,-1
256,51,264.7335205078125,0.0,356.0445556640625,281.46600341796875,1,-1,-1,-1
256,52,922.7092895507814,0.06512260437012163,212.95635986328134,159.74719429016116,1,-1,-1,-1
256,53,1795.3884277343755,0.0,124.61157226562499,194.00070190429688,1,-1,-1,-1
257,48,593.0050048828126,649.717102050782,346.53295898437517,350.1334659830722,1,-1,-1,-1
257,49,79.78260803222676,767.682922363281,285.64998474121086,203.38787841796886,1,-1,-1,-1
257,47,803.6994384765645,859.296537633825,379.8600585937516,227.69605495876763,1,-1,-1,-1
257,50,1321.8992919921877,344.15060424804693,304.76171875,308.4331970214843,1,-1,-1,-1
257,51,274.28009033203125,13.727199554443366,323.47100830078125,338.74051284790045,1,-1,-1,-1
257,52,872.4812622070311,2.4467697143554723,268.59869384765636,226.0160751342773,1,-1,-1,-1
257,53,1788.5146484375005,0.0,131.4853515625,270.1542663574219,1,-1,-1,-1
258,48,605.8212890625001,723.2233276367192,333.7906494140626,343.20817789713465,1,-1,-1,-1
258,49,77.98260803222693,836.523818268952,291.04998474121106,217.8945450846358,1,-1,-1,-1
258,47,815.6994384765646,934.2476487449368,379.86005859375166,152.74494384765703,1,-1,-1,-1
258,50,1324.6882324218748,417.29107666015625,303.13403320312494,305.2728881835937,1,-1,-1,-1
258,51,283.8483886718749,81.97869873046898,304.99127197265625,313.14124023437483,1,-1,-1,-1
258,52,906.2772827148436,1.1168975830078,240.6776733398438,303.54710388183594,1,-1,-1,-1
258,53,1801.3066406250002,16.891891479492173,118.69335937500003,324.41743469238287,1,-1,-1,-1
259,48,610.4910278320312,795.9186401367188,334.09002685546875,282.5100708007812,1,-1,-1,-1
259,49,76.18260803222664,905.3647141746235,291.0499847412112,181.62787841796944,1,-1,-1,-1
259,50,1329.99072265625,470.57702636718744,299.56677246093733,312.6529541015625,1,-1,-1,-1
259,51,283.14770507812506,150.12405395507812,287.35571289062506,318.6960754394531,1,-1,-1,-1
259,52,830.0383300781249,0.0,318.5745849609376,374.1593933105469,1,-1,-1,-1
259,53,1802.443481445313,63.05514907836914,117.55651855468747,348.0177574157715,1,-1,-1,-1
260,48,659.0042724609375,937.4644775390625,290.7257080078125,148.84167480468753,1,-1,-1,-1
260,50,1340.3961181640632,587.0599365234381,314.96145019531167,337.5095703124993,1,-1,-1,-1
260,51,281.2015686035154,285.7440490722656,305.17178344726585,343.3237463378906,1,-1,-1,-1
260,52,830.3081909179687,124.23674011230462,330.6827758789077,385.1454925537108,1,-1,-1,-1
260,53,1803.379516601562,245.92491800944018,116.62048339843754,304.47309224446656,1,-1,-1,-1
261,48,696.3449096679689,1005.6282348632812,235.15289306640622,81.16656494140625,1,-1,-1,-1
261,50,1345.3762207031257,661.3589477539066,291.54931640624983,345.1340795898434,1,-1,-1,-1
261,51,291.42434692382915,359.7110595703133,350.5328430175772,344.1871704101558,1,-1,-1,-1
261,52,848.7409057617189,190.31657409667972,314.6641235351563,383.86604309082037,1,-1,-1,-1
261,53,1809.6662597656257,354.66965332031265,109.33374023437513,271.2311409505207,1,-1,-1,-1
262,50,1353.2919921875,736.0645751953124,288.195068359375,314.29248046875,1,-1,-1,-1
262,51,266.5395202636718,428.7442932128909,390.16000366210943,342.57986612955676,1,-1,-1,-1
262,52,853.1744384765625,265.79092407226557,316.8526611328126,377.6731872558594,1,-1,-1,-1
262,53,1812.25927734375,375.9937133789063,107.74072265625009,309.2334594726563,1,-1,-1,-1
262,54,1813.4610107421845,1.0074074074074073,105.53898925781519,297.76532145182284,1,-1,-1,-1
263,50,1356.9510498046875,811.814453125,286.7014160156251,273.79943847656256,1,-1,-1,-1
263,51,253.08405456543005,492.3777947998052,407.0358795166012,344.7272719319659,1,-1,-1,-1
263,52,854.7061157226564,333.9388732910156,319.0358276367187,370.06961059570307,1,-1,-1,-1
263,53,1813.7832031250005,411.10867309570307,106.21679687499997,334.2666931152344,1,-1,-1,-1
263,54,1813.4610107421884,1.007407407407407,105.53898925781516,363.0453214518228,1,-1,-1,-1
264,50,1360.3454589843757,892.8345336914064,307.65300292968726,193.29412841796875,1,-1,-1,-1
264,51,286.4285888671877,566.8912963867186,341.1117553710937,337.8080110677086,1,-1,-1,-1
264,52,862.1808471679686,405.95654296875006,314.66912841796875,357.74560546875,1,-1,-1,-1
264,53,1821.478027343752,557.9088521321618,97.52197265625009,245.71199991862105,1,-1,-1,-1
264,54,1796.3475341796898,1.007407407407407,122.65246582031361,400.9854022216799,1,-1,-1,-1
265,51,288.0558471679687,709.3758544921876,351.44793701171875,331.84533691406244,1,-1,-1,-1
265,52,846.2822021484374,544.3066406250001,335.90322265625105,348.04266357421886,1,-1,-1,-1
265,53,1820.2562500000024,701.2802880859374,98.74375000000009,230.00156250000052,1,-1,-1,-1
265,54,1797.906860351561,114.55411743164076,121.0931396484375,400.457061767578,1,-1,-1,-1
265,55,1194.612426757812,0.24215698242187284,199.44580078125,130.78874084472662,1,-1,-1,-1
266,51,290.8950500488281,778.7984619140625,344.19784545898443,306.78991699218756,1,-1,-1,-1
266,52,848.7942052649975,612.1666870117198,331.96433965687714,330.7811824544263,1,-1,-1,-1
266,53,1822.3764648437502,771.0171020507813,96.62353515625013,198.2815641276052,1,-1,-1,-1
266,54,1796.4031982421884,177.2291737365723,122.59680175781244,391.2653998311365,1,-1,-1,-1
266,55,1194.6124267578125,0.24215698242187322,199.44580078125,196.06874084472656,1,-1,-1,-1
267,51,295.93432617187494,850.4176025390625,337.0107421875,236.32250976562506,1,-1,-1,-1
267,52,872.6499633789065,685.8194580078124,310.7771606445313,350.48144531249994,1,-1,-1,-1
267,53,1828.7144775390627,870.3668880208332,90.28552246093766,192.51909342448008,1,-1,-1,-1
267,54,1801.4466552734377,246.2707472737631,117.55334472656259,382.0049285888672,1,-1,-1,-1
267,55,1180.3564331054702,0.6413758850097705,214.2909667968756,258.0491224670409,1,-1,-1,-1
267,56,497.4927881952472,1.0074074074074075,291.99731445312494,184.00592231750488,1,-1,-1,-1
267,57,78.33942100021419,1.0074074074074084,299.93448480470545,123.51332262674974,1,-1,-1,-1
268,51,302.89416503906244,915.5980224609374,328.4534912109375,170.71362304687506,1,-1,-1,-1
268,52,844.0773437499998,759.194091796875,339.14470214843715,326.6077880859375,1,-1,-1,-1
268,53,1828.7144775390623,948.873499168113,90.28552246093768,138.1190934244814,1,-1,-1,-1
268,54,1801.4466552734377,313.36408060709647,117.55334472656259,382.0049285888672,1,-1,-1,-1
268,55,1187.700439453125,66.32059478759767,207.53613281249983,254.74950408935547,1,-1,-1,-1
268,56,522.6931152343751,0.048597335815431464,291.9973144531249,184.00592231750488,1,-1,-1,-1
268,57,49.53904724121085,0.6401195526123001,346.73509216308594,188.79332262674973,1,-1,-1,-1
269,51,333.9767150878907,982.5263671875,306.20083618164057,104.17199707031256,1,-1,-1,-1
269,52,853.1845092773438,827.7421874999998,329.76116943359375,223.9068603515625,1,-1,-1,-1
269,54,1801.446655273438,367.9632591875675,117.55334472656259,400.39730954124843,1,-1,-1,-1
269,55,1188.931640625,128.7484588623047,204.5068359375,242.23585510253906,1,-1,-1,-1
269,56,506.22143554687506,1.0920639038085955,301.70111083984375,254.81339263916016,1,-1,-1,-1
269,57,51.04949569702149,0.0,353.23752212524414,242.92098999023438,1,-1,-1,-1
270,52,892.7935180664061,974.8720092773438,262.6196899414062,112.16485595703136,1,-1,-1,-1
270,54,1801.446655273438,422.56243776803854,117.55334472656259,418.7896904936297,1,-1,-1,-1
270,55,1191.4628906250002,247.33836364746097,200.86010742187506,250.21827697753906,1,-1,-1,-1
270,56,509.3588562011718,127.81787872314453,298.06015014648443,275.4544296264648,1,-1,-1,-1
270,57,62.53623962402344,63.400222778320305,339.13343811035156,316.6661529541015,1,-1,-1,-1
271,54,1801.4466552734382,477.1616163485094,117.55334472656259,437.1820714460109,1,-1,-1,-1
271,55,1190.149169921875,321.1183776855469,200.7902832031251,244.39816284179693,1,-1,-1,-1
271,56,523.0947875976562,193.6511077880859,275.377685546875,280.657730102539,1,-1,-1,-1
271,57,52.014312744140625,128.9329376220703,348.309814453125,317.32704162597656,1,-1,-1,-1
272,54,1801.4466552734384,531.7607949289804,117.55334472656259,455.57445239839217,1,-1,-1,-1
272,55,1188.4456787109382,406.98007161458344,201.02331542968744,265.4917928059896,1,-1,-1,-1
272,56,499.0828491210938,235.44795715332017,294.12204589843753,301.1988323974613,1,-1,-1,-1
272,57,28.368786621093726,203.01777648925776,363.3731262207038,315.56431579589844,1,-1,-1,-1
273,54,1801.4466552734384,586.3599735094515,117.55334472656259,473.96683335077347,1,-1,-1,-1
273,55,1187.602294921875,450.328857421875,199.11914062500017,260.8726196289063,1,-1,-1,-1
273,56,497.4648742675782,304.0763244628906,296.5132751464844,312.1958923339844,1,-1,-1,-1
273,57,59.40074157714842,272.0720520019531,334.0095977783203,314.7727355957032,1,-1,-1,-1
274,54,1801.446655273438,689.1938187565886,117.55334472656259,384.46588096982174,1,-1,-1,-1
274,55,1167.1582031250002,543.2081412760418,216.98217773437486,257.619739583334,1,-1,-1,-1
274,56,498.97613525390625,364.3511352539062,297.37518310546875,326.76824951171875,1,-1,-1,-1
274,57,51.492919921875,346.4349060058593,340.5558776855468,311.1686706542968,1,-1,-1,-1
274,58,1538.4497070312523,1.007407407407407,268.9502929687471,85.33252807617188,1,-1,-1,-1
274,59,1096.8032226562527,1.007407407407407,159.85656738281097,62.49491841634118,1,-1,-1,-1
275,54,1801.446655273437,792.0276640037256,117.55334472656259,294.96492858887007,1,-1,-1,-1
275,55,1081.8018310546906,680.9212076822914,293.6022216796891,250.0725667317728,1,-1,-1,-1
275,56,482.6329650878906,499.53295898437506,310.5740661621093,321.39715576171875,1,-1,-1,-1
275,57,19.46487350463928,440.89297770182304,342.1319709777835,350.4114046223959,1,-1,-1,-1
275,60,180.17207641601578,0.6688073730468799,297.63413696289166,151.74000162760424,1,-1,-1,-1
275,58,1538.4497070312495,1.0074074074074066,380.55029296875,205.01252807617183,1,-1,-1,-1
275,59,1087.8032226562502,0.0,222.85656738281256,174.9215850830078,1,-1,-1,-1
276,54,1801.4466552734377,857.3076640037214,117.55334472656259,229.68492858887112,1,-1,-1,-1
276,55,1154.1246337890625,729.7225341796875,216.31640624999994,267.5147094726562,1,-1,-1,-1
276,56,483.26907348632807,568.5990600585935,301.2789001464844,289.904296875,1,-1,-1,-1
276,57,16.04152679443355,532.1535644531251,360.1111221313478,324.93347167968744,1,-1,-1,-1
276,60,43.68050804138309,0.6364247131347653,422.97051734924503,219.44392298380555,1,-1,-1,-1
276,58,1532.4991455078125,0.4926910400390563,384.7573242187499,244.1875305175781,1,-1,-1,-1
276,59,1055.046142578125,0.6958694458007741,271.38867187500006,226.06122589111328,1,-1,-1,-1
276,61,753.1188720703126,0.7598419189453127,122.80239257812686,84.71352742513025,1,-1,-1,-1
277,54,1801.4466552734377,915.3343306703883,117.55334472656259,171.658261922205,1,-1,-1,-1
277,55,1174.9896240234375,800.5955200195312,194.44091796874994,263.01959228515625,1,-1,-1,-1
277,56,541.48046875,644.0601196289062,247.5162963867188,280.1162109375,1,-1,-1,-1
277,57,9.305724334716851,593.9018554687499,356.4902046203614,342.28675944010433,1,-1,-1,-1
277,60,47.58893966674847,0.604042053222649,402.50689773559526,270.8278443400065,1,-1,-1,-1
277,58,1534.947875976562,1.007407407407407,384.0521240234378,315.35324300130213,1,-1,-1,-1
277,59,991.0834350585936,0.7723846435546822,339.1697387695313,270.20750427246094,1,-1,-1,-1
277,61,735.1188720703127,0.7598419189453127,167.80239257812642,120.98019409179688,1,-1,-1,-1
278,55,1159.5772705078125,871.789306640625,205.91516113281244,214.5424804687499,1,-1,-1,-1
278,56,545.5486450195312,709.4452514648438,254.7691040039063,267.9429931640625,1,-1,-1,-1
278,57,9.526636505126984,667.0779418945312,358.45163497924887,326.8930664062499,1,-1,-1,-1
278,60,44.86363220214846,1.3570861816406155,390.608596801758,305.88423990885406,1,-1,-1,-1
278,58,1536.510986328125,6.264450073242198,383.4890136718749,355.8845672607422,1,-1,-1,-1
278,59,981.787902832032,0.6040878295898556,363.33370361328014,346.2183063761393,1,-1,-1,-1
278,61,667.505126953125,0.209936141967777,209.79199218750006,185.24468421936035,1,-1,-1,-1
279,55,1147.57177734375,935.4650268554688,216.7364501953125,150.3482055664063,1,-1,-1,-1
279,56,549.7811889648436,776.9050292968751,244.1640014648438,304.98498535156256,1,-1,-1,-1
279,57,56.157314300537124,751.7493896484375,321.0228614807129,315.23876953125,1,-1,-1,-1
279,60,46.571044921875,60.74839782714843,384.2156982421875,314.19230651855463,1,-1,-1,-1
279,58,1548.7921142578125,75.77582550048827,369.05529785156256,342.7389144897461,1,-1,-1,-1
279,59,976.2240600585942,2.129253387451162,337.61529541015625,401.085660349528,1,-1,-1,-1
279,61,462.19735107421945,1.007407407407407,415.9173706054685,246.82760864257816,1,-1,-1,-1
280,56,544.6005249023438,915.0523681640625,240.75531005859375,170.92492675781253,1,-1,-1,-1
280,57,33.61572875976564,902.3247070312503,329.07412109375036,183.50830078125006,1,-1,-1,-1
280,60,40.965133666992195,194.4609832763672,385.71174621582037,293.66880798339844,1,-1,-1,-1
280,58,1538.36474609375,220.2071228027344,377.8271484375,345.8172912597656,1,-1,-1,-1
280,59,982.068603515625,132.27868652343753,347.3715820312499,370.85882568359375,1,-1,-1,-1
280,61,479.708935546876,1.007407407407407,385.4522094726553,382.01373697916665,1,-1,-1,-1