6,3,196.47,47.93,289.48,267.39,1,-1,-1,-1
6,2,1591.77,5.25,301.71,193.70,1,-1,-1,-1
6,1,632.56,63.89,209.05,169.44,1,-1,-1,-1
7,3,204.80,167.87,274.88,220.92,1,-1,-1,-1
7,2,1595.72,14.23,312.68,228.66,1,-1,-1,-1
7,1,634.73,132.09,203.39,164.89,1,-1,-1,-1
8,3,192.40,220.22,271.83,216.11,1,-1,-1,-1
8,2,1601.63,69.74,300.95,239.02,1,-1,-1,-1
8,1,641.95,197.79,199.77,161.49,1,-1,-1,-1
9,3,192.55,290.46,273.04,206.87,1,-1,-1,-1
9,2,1602.90,129.82,300.11,250.14,1,-1,-1,-1
9,1,634.18,257.66,207.92,164.86,1,-1,-1,-1
10,4,653.52,-12.45,254.17,204.81,1,-1,-1,-1
10,2,1602.73,240.17,298.97,257.45,1,-1,-1,-1
10,1,632.85,378.38,200.73,159.41,1,-1,-1,-1
11,2,1599.30,322.98,302.61,259.08,1,-1,-1,-1
11,1,625.68,460.25,205.58,161.00,1,-1,-1,-1
12,5,619.10,9.39,383.97,212.24,1,-1,-1,-1
12,2,1600.08,394.70,285.61,253.31,1,-1,-1,-1
12,1,620.19,529.31,206.52,161.30,1,-1,-1,-1
13,7,390.49,8.98,221.89,104.34,1,-1,-1,-1
13,6,1777.85,63.96,138.54,167.38,1,-1,-1,-1
13,5,608.04,43.52,401.55,257.76,1,-1,-1,-1
13,2,1602.95,464.20,283.67,253.40,1,-1,-1,-1
13,1,617.60,597.28,205.98,156.78,1,-1,-1,-1
14,9,1794.86,137.25,87.98,112.00,1,-1,-1,-1
14,6,1781.03,133.89,129.26,158.75,1,-1,-1,-1
14,5,602.28,117.11,411.30,297.61,1,-1,-1,-1
14,2,1602.34,528.32,281.14,253.54,1,-1,-1,-1
14,1,609.45,654.09,211.07,163.89,1,-1,-1,-1
15,12,-16.42,19.68,279.73,255.03,1,-1,-1,-1
15,11,-11.81,15.31,270.50,263.79,1,-1,-1,-1
15,10,995.28,24.69,288.75,200.09,1,-1,-1,-1
15,9,1254.50,486.18,197.31,208.53,1,-1,-1,-1
15,8,1784.60,262.82,98.73,129.78,1,-1,-1,-1
15,7,274.52,77.01,345.33,200.67,1,-1,-1,-1
15,6,1776.96,249.37,130.29,166.05,1,-1,-1,-1
15,5,605.88,240.21,399.33,309.38,1,-1,-1,-1
15,4,409.15,101.52,188.66,181.32,1,-1,-1,-1
15,2,1604.48,638.11,264.27,241.83,1,-1,-1,-1
15,1,599.77,748.68,220.35,176.13,1,-1,-1,-1
16,10,1004.34,70.92,276.05,228.24,1,-1,-1,-1
16,8,1784.72,334.71,94.89,127.80,1,-1,-1,-1
16,6,1777.22,327.28,126.90,165.74,1,-1,-1,-1
16,5,604.78,322.64,387.30,319.59,1,-1,-1,-1
16,4,337.73,120.60,230.93,213.26,1,-1,-1,-1
16,2,1606.64,724.64,258.37,240.32,1,-1,-1,-1
16,1,596.80,822.49,223.16,184.59,1,-1,-1,-1
17,15,823.96,826.01,241.04,251.79,1,-1,-1,-1
17,14,1221.72,639.03,196.93,224.75,1,-1,-1,-1
17,10,1015.38,130.51,254.64,231.36,1,-1,-1,-1
17,8,1784.58,392.99,89.60,126.12,1,-1,-1,-1
17,7,328.74,209.94,280.40,199.10,1,-1,-1,-1
17,6,1774.09,387.88,119.62,164.61,1,-1,-1,-1
17,5,606.09,401.43,377.34,324.64,1,-1,-1,-1
17,4,305.52,174.99,240.62,216.81,1,-1,-1,-1
17,2,1608.37,800.93,252.22,242.89,1,-1,-1,-1
17,1,590.43,888.76,227.63,193.91,1,-1,-1,-1
18,14,842.05,884.97,208.90,219.50,1,-1,-1,-1
18,10,1020.41,196.25,241.87,235.66,1,-1,-1,-1
18,8,1779.43,447.76,102.95,151.27,1,-1,-1,-1
18,6,1776.86,447.22,105.22,150.88,1,-1,-1,-1
18,5,611.60,467.94,372.41,331.52,1,-1,-1,-1
18,4,334.15,250.89,225.14,207.82,1,-1,-1,-1
18,2,1611.97,868.87,243.90,234.32,1,-1,-1,-1
18,1,196.83,471.45,233.86,217.52,1,-1,-1,-1
19,17,1201.10,783.70,234.13,215.54,1,-1,-1,-1
19,10,1028.91,264.68,230.15,233.71,1,-1,-1,-1
19,8,1778.71,505.63,99.03,151.77,1,-1,-1,-1
19,6,1775.89,507.83,108.47,161.03,1,-1,-1,-1
19,5,616.34,538.53,369.61,338.58,1,-1,-1,-1
19,2,1618.54,915.44,231.67,213.48,1,-1,-1,-1
19,1,279.49,382.94,233.48,215.96,1,-1,-1,-1
20,20,1769.14,503.79,155.35,312.22,1,-1,-1,-1
20,17,1207.56,908.26,223.36,186.74,1,-1,-1,-1
20,8,1779.89,605.74,96.59,151.61,1,-1,-1,-1
20,7,334.78,448.28,266.05,206.14,1,-1,-1,-1
20,6,1776.07,603.68,110.50,168.06,1,-1,-1,-1
20,5,618.24,653.01,360.17,339.49,1,-1,-1,-1
21,22,1041.76,478.68,198.11,209.84,1,-1,-1,-1
21,20,1776.55,650.57,104.55,205.66,1,-1,-1,-1
21,17,1276.86,989.93,159.77,122.28,1,-1,-1,-1
21,10,1031.63,457.69,218.89,224.36,1,-1,-1,-1
21,7,340.96,517.04,237.28,187.56,1,-1,-1,-1
21,6,1536.67,595.64,185.92,256.91,1,-1,-1,-1
21,5,620.00,738.91,354.53,341.12,1,-1,-1,-1
21,2,1718.51,755.84,185.34,206.35,1,-1,-1,-1
21,1,45.42,454.12,235.12,233.32,1,-1,-1,-1
22,10,1031.62,531.97,219.42,224.43,1,-1,-1,-1
22,8,1780.58,736.06,99.38,156.08,1,-1,-1,-1
22,7,303.70,576.33,269.07,190.35,1,-1,-1,-1
22,6,1495.97,705.00,190.59,225.47,1,-1,-1,-1
22,5,620.51,802.58,352.84,323.65,1,-1,-1,-1
22,2,1564.34,725.52,188.56,211.35,1,-1,-1,-1
22,1,-1.89,503.45,236.87,246.79,1,-1,-1,-1
23,26,1715.20,5.00,210.00,149.23,1,-1,-1,-1
23,25,264.94,15.17,268.66,110.93,1,-1,-1,-1
23,24,1108.24,4.24,300.77,165.76,1,-1,-1,-1
23,23,1376.35,-19.81,219.81,214.29,1,-1,-1,-1
23,10,1031.55,606.64,223.50,221.63,1,-1,-1,-1
23,8,1777.60,792.73,100.37,162.10,1,-1,-1,-1
23,7,304.98,635.47,271.66,192.21,1,-1,-1,-1
23,6,1428.70,723.50,231.71,266.60,1,-1,-1,-1
23,2,1509.78,746.09,190.66,223.49,1,-1,-1,-1
24,29,717.30,962.99,185.17,125.34,1,-1,-1,-1
24,22,1035.34,664.00,215.51,220.53,1,-1,-1,-1
24,20,774.11,948.51,140.73,155.08,1,-1,-1,-1
24,19,1473.13,807.08,212.31,236.86,1,-1,-1,-1
24,18,4.71,635.78,225.77,270.82,1,-1,-1,-1
24,17,1736.43,888.16,137.28,129.39,1,-1,-1,-1
24,10,1031.21,669.06,223.63,221.21,1,-1,-1,-1
24,8,1777.59,814.84,122.57,197.46,1,-1,-1,-1
24,7,300.80,696.57,275.42,192.65,1,-1,-1,-1
24,6,1214.16,259.81,250.40,265.64,1,-1,-1,-1
24,5,590.48,172.20,355.07,210.34,1,-1,-1,-1
24,2,1488.45,796.81,190.39,233.73,1,-1,-1,-1
24,1,1033.69,121.95,254.27,253.29,1,-1,-1,-1
25,30,255.10,81.28,325.25,257.05,1,-1,-1,-1
25,26,627.59,70.79,297.73,215.72,1,-1,-1,-1
25,25,975.93,819.51,308.92,171.17,1,-1,-1,-1
25,24,254.42,90.40,357.03,236.51,1,-1,-1,-1
25,20,357.61,885.10,207.05,199.43,1,-1,-1,-1
25,18,4.43,757.63,224.12,267.35,1,-1,-1,-1
25,17,1748.94,344.93,186.71,187.72,1,-1,-1,-1
25,10,1031.31,783.11,225.48,226.65,1,-1,-1,-1
25,8,1748.77,375.08,151.85,221.18,1,-1,-1,-1
25,7,284.73,812.56,274.72,197.21,1,-1,-1,-1
25,6,1131.76,175.70,261.38,262.66,1,-1,-1,-1
25,5,595.76,92.80,324.35,189.29,1,-1,-1,-1
25,2,1410.80,371.78,217.20,251.53,1,-1,-1,-1
25,1,1109.28,124.82,261.48,250.47,1,-1,-1,-1
26,26,249.55,729.17,292.24,206.40,1,-1,-1,-1
26,20,20.77,876.35,224.57,226.31,1,-1,-1,-1
26,17,1284.10,680.80,213.82,208.31,1,-1,-1,-1
26,8,1732.87,260.00,171.10,229.23,1,-1,-1,-1
26,7,825.01,440.92,281.01,210.94,1,-1,-1,-1
26,6,542.48,146.96,283.78,276.02,1,-1,-1,-1
26,5,604.23,118.09,302.43,182.29,1,-1,-1,-1
26,2,1376.26,250.46,236.19,257.19,1,-1,-1,-1
26,1,808.89,125.02,271.69,255.04,1,-1,-1,-1
27,30,583.79,206.98,339.37,261.77,1,-1,-1,-1
27,29,303.63,967.71,221.71,126.40,1,-1,-1,-1
27,27,311.28,959.47,200.23,140.88,1,-1,-1,-1
27,22,1026.07,872.32,217.82,217.18,1,-1,-1,-1
27,19,1719.43,307.93,215.31,239.80,1,-1,-1,-1
27,18,4.63,902.17,219.49,217.04,1,-1,-1,-1
27,17,599.36,357.48,261.06,250.28,1,-1,-1,-1
27,10,1023.85,886.09,224.44,222.56,1,-1,-1,-1
27,8,1723.39,262.91,185.83,235.79,1,-1,-1,-1
27,7,1025.86,340.21,284.08,221.94,1,-1,-1,-1
27,5,597.87,187.15,317.52,202.18,1,-1,-1,-1
27,2,1360.15,254.56,250.92,261.28,1,-1,-1,-1
27,1,684.70,162.78,297.76,219.40,1,-1,-1,-1
28,18,4.26,972.61,212.62,157.97,1,-1,-1,-1
28,7,1096.30,348.18,286.30,231.27,1,-1,-1,-1
28,5,592.38,238.02,307.74,197.77,1,-1,-1,-1
28,2,1350.04,304.15,261.07,261.40,1,-1,-1,-1
28,1,1343.05,255.80,276.04,234.70,1,-1,-1,-1
29,32,1099.58,400.19,280.51,252.72,1,-1,-1,-1
29,31,1767.50,-4.87,131.24,65.21,1,-1,-1,-1
29,29,-22.64,400.81,165.45,136.40,1,-1,-1,-1
29,8,1717.96,356.34,198.06,245.95,1,-1,-1,-1
29,5,591.40,305.69,300.63,201.49,1,-1,-1,-1
29,2,636.94,328.58,275.47,267.18,1,-1,-1,-1
29,1,1367.77,358.65,278.95,243.88,1,-1,-1,-1
30,30,1666.33,22.83,235.38,198.89,1,-1,-1,-1
30,17,258.62,433.87,295.68,285.38,1,-1,-1,-1
30,8,1711.60,467.33,205.59,257.93,1,-1,-1,-1
30,7,1308.24,513.04,291.05,240.59,1,-1,-1,-1
30,2,577.66,410.81,277.96,255.15,1,-1,-1,-1
30,1,1211.01,480.34,279.50,252.25,1,-1,-1,-1
31,34,1091.62,4.66,202.86,150.59,1,-1,-1,-1
31,33,210.31,8.69,365.16,261.71,1,-1,-1,-1
31,32,1723.50,600.10,224.69,230.39,1,-1,-1,-1
31,31,873.61,5.45,220.69,122.04,1,-1,-1,-1
31,30,1778.21,16.84,218.33,208.34,1,-1,-1,-1
31,17,217.02,506.86,299.63,284.42,1,-1,-1,-1
31,8,1711.05,548.36,208.55,262.38,1,-1,-1,-1
31,7,1346.86,593.66,290.08,248.75,1,-1,-1,-1
31,2,552.33,487.33,281.35,234.15,1,-1,-1,-1
31,1,1148.68,560.78,281.57,262.43,1,-1,-1,-1
32,8,1706.98,617.27,212.84,273.72,1,-1,-1,-1
32,7,1355.82,646.63,292.55,266.19,1,-1,-1,-1
32,5,580.06,570.59,281.59,200.25,1,-1,-1,-1
32,2,545.66,566.37,278.26,228.77,1,-1,-1,-1
32,1,1119.50,638.18,282.25,271.01,1,-1,-1,-1
33,41,1119.09,1.48,243.02,204.85,1,-1,-1,-1
33,40,724.59,59.69,254.27,215.13,1,-1,-1,-1
33,36,227.26,127.61,309.03,297.15,1,-1,-1,-1
33,18,1318.91,152.20,217.27,178.76,1,-1,-1,-1
33,17,-14.66,125.44,273.07,294.44,1,-1,-1,-1
33,8,1713.23,313.72,210.84,266.26,1,-1,-1,-1
33,7,1351.42,719.93,290.76,270.15,1,-1,-1,-1
33,5,348.76,684.60,282.57,222.44,1,-1,-1,-1
33,2,536.17,650.20,281.88,236.14,1,-1,-1,-1
33,1,1101.64,709.12,279.91,278.38,1,-1,-1,-1
34,42,1064.54,17.48,294.20,285.75,1,-1,-1,-1
34,41,1406.24,106.61,219.67,185.10,1,-1,-1,-1
34,40,714.82,121.69,263.54,222.14,1,-1,-1,-1
34,38,213.61,202.92,323.75,291.27,1,-1,-1,-1
34,37,1721.12,214.54,197.28,237.60,1,-1,-1,-1
34,35,-15.26,89.39,246.52,285.82,1,-1,-1,-1
34,31,528.08,679.96,291.98,183.68,1,-1,-1,-1
34,7,1583.49,777.43,274.32,278.93,1,-1,-1,-1
34,2,862.09,759.23,285.78,253.24,1,-1,-1,-1
34,1,1247.75,779.91,284.68,284.12,1,-1,-1,-1
35,43,255.88,900.74,241.58,194.23,1,-1,-1,-1
35,42,1049.61,158.40,293.20,287.02,1,-1,-1,-1
35,40,705.26,245.80,271.47,229.93,1,-1,-1,-1
35,39,-2.54,230.48,200.76,306.00,1,-1,-1,-1
35,38,204.89,328.88,323.95,293.15,1,-1,-1,-1
35,37,1713.87,343.48,204.27,241.39,1,-1,-1,-1
35,32,1406.16,935.89,190.76,160.13,1,-1,-1,-1
35,31,503.83,862.84,285.77,191.65,1,-1,-1,-1
35,8,1470.16,254.93,231.89,254.59,1,-1,-1,-1
35,2,977.41,852.46,274.21,232.96,1,-1,-1,-1
36,42,1042.32,243.46,296.53,295.35,1,-1,-1,-1
36,40,694.81,328.42,278.45,238.95,1,-1,-1,-1
36,39,-0.54,299.80,196.09,304.63,1,-1,-1,-1
36,38,198.47,428.15,322.12,283.42,1,-1,-1,-1
36,37,1713.13,428.54,206.52,244.81,1,-1,-1,-1
36,31,495.89,963.49,282.90,166.28,1,-1,-1,-1
36,8,1410.28,287.34,242.45,252.60,1,-1,-1,-1
36,5,264.25,915.78,252.08,177.34,1,-1,-1,-1
37,42,1039.78,309.68,300.09,298.37,1,-1,-1,-1
37,40,690.05,404.92,278.68,245.10,1,-1,-1,-1
37,39,0.35,368.59,193.19,303.15,1,-1,-1,-1
37,38,195.66,492.54,322.84,288.07,1,-1,-1,-1
37,37,1708.45,498.21,210.82,248.43,1,-1,-1,-1
37,1,1377.72,465.20,271.56,271.29,1,-1,-1,-1
38,42,1045.97,385.48,286.88,285.17,1,-1,-1,-1
38,40,684.27,473.76,280.12,249.34,1,-1,-1,-1
38,39,-3.19,424.72,193.45,321.16,1,-1,-1,-1
38,37,1709.23,570.84,210.88,247.34,1,-1,-1,-1
38,5,198.63,661.00,299.46,236.39,1,-1,-1,-1
38,1,1389.67,457.74,261.66,260.80,1,-1,-1,-1
39,42,1045.01,454.99,287.64,284.23,1,-1,-1,-1
39,40,679.56,540.70,287.91,264.00,1,-1,-1,-1
39,39,-3.22,490.05,191.79,325.20,1,-1,-1,-1
39,38,179.25,619.33,332.98,303.98,1,-1,-1,-1
39,37,1706.43,637.51,213.36,249.40,1,-1,-1,-1
39,8,1373.52,491.15,246.17,250.32,1,-1,-1,-1
40,42,1036.46,572.80,288.07,285.88,1,-1,-1,-1
40,40,676.85,655.64,287.30,269.91,1,-1,-1,-1
40,39,-2.24,637.60,184.80,296.50,1,-1,-1,-1
40,38,168.30,729.86,339.15,315.75,1,-1,-1,-1
40,37,1701.25,752.42,217.41,250.54,1,-1,-1,-1
40,8,1356.86,624.27,252.56,247.02,1,-1,-1,-1
41,45,-4.27,10.18,358.71,124.44,1,-1,-1,-1
41,44,1067.67,9.22,274.66,184.94,1,-1,-1,-1
41,42,1035.57,663.22,280.09,279.48,1,-1,-1,-1
41,40,676.49,738.01,288.01,272.40,1,-1,-1,-1
41,38,168.75,807.19,331.62,301.26,1,-1,-1,-1
41,37,1693.78,837.64,223.36,251.26,1,-1,-1,-1
41,8,1359.99,716.35,248.62,239.21,1,-1,-1,-1
41,1,1475.21,64.34,284.19,241.48,1,-1,-1,-1
42,50,1823.67,164.31,94.67,227.85,1,-1,-1,-1
42,48,661.57,4.12,290.92,217.79,1,-1,-1,-1
42,46,412.56,19.74,314.89,254.70,1,-1,-1,-1
42,45,-30.14,19.73,405.08,170.18,1,-1,-1,-1
42,44,1059.82,43.07,289.49,220.97,1,-1,-1,-1
42,42,1059.18,258.59,268.73,266.17,1,-1,-1,-1
42,40,671.77,811.51,286.84,277.85,1,-1,-1,-1
42,39,-1.92,808.19,176.84,284.06,1,-1,-1,-1
42,38,181.36,870.41,317.15,265.62,1,-1,-1,-1
42,37,1693.46,902.18,223.58,226.02,1,-1,-1,-1
42,8,1141.06,742.51,262.30,253.77,1,-1,-1,-1
42,5,1200.72,823.72,269.02,228.47,1,-1,-1,-1
42,1,1504.36,6.63,277.39,236.35,1,-1,-1,-1
43,50,1402.60,859.44,122.56,205.96,1,-1,-1,-1
43,49,1798.13,287.21,142.11,161.14,1,-1,-1,-1
43,46,643.14,21.25,293.38,265.74,1,-1,-1,-1
43,42,632.10,143.07,274.46,269.93,1,-1,-1,-1
43,40,675.37,868.30,281.64,259.68,1,-1,-1,-1
43,38,216.42,916.30,273.75,229.42,1,-1,-1,-1
43,37,1697.33,960.07,222.96,183.33,1,-1,-1,-1
43,8,1091.93,328.24,255.83,257.55,1,-1,-1,-1
43,5,1104.34,827.54,276.86,247.11,1,-1,-1,-1
43,1,1521.08,21.85,267.74,242.88,1,-1,-1,-1
44,52,2.67,63.98,330.60,294.74,1,-1,-1,-1
44,50,1344.44,1042.67,119.02,141.86,1,-1,-1,-1
44,48,694.53,914.55,258.79,169.99,1,-1,-1,-1
44,46,110.58,767.62,216.55,207.61,1,-1,-1,-1
44,45,-46.03,903.37,266.29,133.90,1,-1,-1,-1
44,44,1025.44,822.80,295.83,223.13,1,-1,-1,-1
44,42,636.74,112.65,270.42,270.74,1,-1,-1,-1
44,40,669.91,927.49,253.73,222.41,1,-1,-1,-1
44,39,30.14,237.79,241.97,306.57,1,-1,-1,-1
44,38,1257.98,523.03,212.18,215.24,1,-1,-1,-1
44,37,1757.42,578.89,182.37,176.22,1,-1,-1,-1
44,8,1080.17,217.07,246.31,258.68,1,-1,-1,-1
44,5,677.09,392.19,280.22,258.31,1,-1,-1,-1
44,1,1519.99,70.01,267.03,248.95,1,-1,-1,-1
45,52,1.33,203.08,334.33,298.79,1,-1,-1,-1
45,51,1802.50,497.53,134.04,147.76,1,-1,-1,-1
45,42,481.23,227.14,275.29,276.37,1,-1,-1,-1
45,8,1076.32,268.79,241.79,259.47,1,-1,-1,-1
45,5,676.60,289.79,273.62,261.74,1,-1,-1,-1
45,1,1512.65,182.56,271.40,253.78,1,-1,-1,-1
46,42,425.28,320.61,275.64,275.35,1,-1,-1,-1
46,39,25.46,264.30,284.76,317.70,1,-1,-1,-1
46,38,1736.39,541.51,153.99,190.26,1,-1,-1,-1
46,8,1076.75,332.84,239.59,262.61,1,-1,-1,-1
46,5,675.32,294.85,267.32,265.63,1,-1,-1,-1
46,1,1509.96,268.91,273.83,260.79,1,-1,-1,-1
47,56,657.07,13.73,215.53,242.96,1,-1,-1,-1
47,55,963.53,3.78,226.50,189.97,1,-1,-1,-1
47,53,-7.85,24.79,71.89,139.21,1,-1,-1,-1
47,52,373.99,11.38,209.40,157.54,1,-1,-1,-1
47,42,404.50,378.84,283.56,293.13,1,-1,-1,-1
47,39,20.08,320.54,303.57,314.74,1,-1,-1,-1
47,8,1077.61,404.81,237.08,265.36,1,-1,-1,-1
47,5,675.28,347.86,262.49,262.87,1,-1,-1,-1
47,1,1512.98,351.74,271.63,262.78,1,-1,-1,-1
48,58,1823.97,668.17,95.63,224.31,1,-1,-1,-1
48,57,413.00,-4.16,195.52,189.49,1,-1,-1,-1
48,55,1306.32,42.96,229.60,218.45,1,-1,-1,-1
48,42,398.91,455.52,282.18,294.79,1,-1,-1,-1
48,39,67.29,91.21,295.62,276.01,1,-1,-1,-1
48,37,1803.28,691.03,135.25,170.75,1,-1,-1,-1
48,8,1081.41,481.09,235.68,264.75,1,-1,-1,-1
48,5,676.64,414.71,259.52,263.27,1,-1,-1,-1
48,1,1514.87,430.88,271.91,267.79,1,-1,-1,-1
49,61,969.92,73.62,221.79,243.76,1,-1,-1,-1
49,54,1330.14,112.32,240.75,208.45,1,-1,-1,-1
49,52,651.84,145.37,213.83,185.38,1,-1,-1,-1
49,42,133.71,490.88,296.48,296.67,1,-1,-1,-1
49,40,1051.09,671.60,241.84,232.17,1,-1,-1,-1
49,39,88.59,57.82,288.02,264.70,1,-1,-1,-1
49,8,655.30,531.50,249.20,278.56,1,-1,-1,-1
49,5,677.50,487.79,257.95,261.13,1,-1,-1,-1
49,1,1515.25,507.76,272.77,272.39,1,-1,-1,-1
50,62,667.99,305.11,200.92,238.04,1,-1,-1,-1
50,61,1332.90,226.78,199.34,207.70,1,-1,-1,-1
50,59,96.35,219.30,285.04,206.70,1,-1,-1,-1
50,52,906.69,204.93,243.33,223.95,1,-1,-1,-1
50,42,32.87,599.05,307.76,299.28,1,-1,-1,-1
50,40,1078.43,731.17,249.37,242.22,1,-1,-1,-1
50,39,288.42,120.46,269.72,248.54,1,-1,-1,-1
50,5,684.32,611.51,259.01,259.91,1,-1,-1,-1
50,1,1518.54,633.98,271.74,275.08,1,-1,-1,-1
51,62,481.40,722.44,248.57,286.38,1,-1,-1,-1
51,60,11.23,714.32,323.05,297.22,1,-1,-1,-1
51,58,1846.16,942.28,72.13,151.34,1,-1,-1,-1
51,56,420.99,246.92,216.81,224.57,1,-1,-1,-1
51,54,1345.40,302.77,228.12,220.53,1,-1,-1,-1
51,52,781.04,334.61,234.97,227.67,1,-1,-1,-1
51,40,1083.77,799.25,253.30,245.75,1,-1,-1,-1
51,39,180.99,219.16,267.27,237.34,1,-1,-1,-1
51,38,1745.89,296.00,137.85,157.65,1,-1,-1,-1
51,5,691.02,703.14,260.55,263.48,1,-1,-1,-1
51,1,1515.64,733.19,273.18,278.06,1,-1,-1,-1
52,66,693.03,815.31,258.79,272.78,1,-1,-1,-1
52,65,665.79,461.84,205.00,213.98,1,-1,-1,-1
52,64,145.34,336.57,205.50,269.08,1,-1,-1,-1
52,62,449.01,868.58,248.41,273.05,1,-1,-1,-1
52,58,482.16,822.26,211.07,307.14,1,-1,-1,-1
52,56,587.89,417.12,206.99,222.91,1,-1,-1,-1
52,54,1083.57,372.58,226.74,239.63,1,-1,-1,-1
52,52,562.98,332.09,234.45,229.33,1,-1,-1,-1
52,40,1102.67,861.27,245.39,230.03,1,-1,-1,-1
52,39,145.84,306.57,261.10,233.67,1,-1,-1,-1
52,38,1513.95,358.62,171.95,202.79,1,-1,-1,-1
52,8,463.74,786.59,252.84,271.60,1,-1,-1,-1
52,5,693.43,785.04,259.63,265.22,1,-1,-1,-1
52,1,1526.11,812.86,268.38,268.44,1,-1,-1,-1
53,60,24.41,860.76,306.10,246.74,1,-1,-1,-1
53,59,114.39,425.34,264.44,222.30,1,-1,-1,-1
53,56,644.74,523.54,202.58,221.68,1,-1,-1,-1
53,55,1373.49,453.20,219.34,233.59,1,-1,-1,-1
53,54,1002.32,439.21,223.59,250.53,1,-1,-1,-1
53,52,482.24,378.95,232.21,229.06,1,-1,-1,-1
53,40,1124.56,918.02,230.23,198.54,1,-1,-1,-1
53,8,454.92,862.77,249.97,240.71,1,-1,-1,-1
53,5,694.90,849.61,259.28,244.63,1,-1,-1,-1
53,1,1544.35,876.16,258.59,241.45,1,-1,-1,-1
54,64,150.30,484.77,225.34,264.88,1,-1,-1,-1
54,55,499.41,506.51,225.35,237.90,1,-1,-1,-1
54,54,323.18,793.47,252.60,212.86,1,-1,-1,-1
54,52,450.59,444.20,231.49,229.30,1,-1,-1,-1
54,40,1054.46,673.12,223.25,210.74,1,-1,-1,-1
54,39,680.49,42.62,247.92,172.67,1,-1,-1,-1
54,38,1430.91,491.14,188.60,234.60,1,-1,-1,-1
54,8,572.69,706.72,233.25,230.54,1,-1,-1,-1
54,5,691.83,917.57,263.96,200.69,1,-1,-1,-1
54,1,1547.21,939.84,256.79,196.12,1,-1,-1,-1
55,68,448.04,0.32,300.72,157.57,1,-1,-1,-1
55,67,1222.59,-5.51,225.76,236.22,1,-1,-1,-1
55,65,1012.79,667.42,215.10,245.54,1,-1,-1,-1
55,56,471.71,625.41,211.29,217.47,1,-1,-1,-1
55,55,590.53,708.77,216.95,221.21,1,-1,-1,-1
55,40,1266.16,679.22,223.09,224.74,1,-1,-1,-1
55,39,805.65,16.02,253.35,187.54,1,-1,-1,-1
55,5,333.04,755.74,256.74,207.91,1,-1,-1,-1
55,1,982.09,829.56,258.23,209.23,1,-1,-1,-1
56,69,112.41,10.81,315.08,200.82,1,-1,-1,-1
56,67,635.72,-23.20,278.55,249.19,1,-1,-1,-1
56,66,1204.97,20.70,281.65,295.91,1,-1,-1,-1
56,65,1042.41,732.93,216.60,258.28,1,-1,-1,-1
56,39,853.09,45.37,254.13,202.59,1,-1,-1,-1
56,8,437.85,687.06,231.99,226.41,1,-1,-1,-1
56,1,952.61,778.17,269.47,231.23,1,-1,-1,-1
57,74,847.50,130.77,261.76,236.64,1,-1,-1,-1
57,73,1669.72,763.55,148.40,166.64,1,-1,-1,-1
57,72,1037.58,796.59,193.60,254.08,1,-1,-1,-1
57,71,1384.66,799.04,204.15,260.81,1,-1,-1,-1
57,69,128.87,83.16,293.72,208.76,1,-1,-1,-1
57,66,1245.43,23.15,267.28,290.55,1,-1,-1,-1
57,65,816.80,830.53,217.04,256.54,1,-1,-1,-1
57,56,208.71,784.25,231.10,234.47,1,-1,-1,-1
57,39,606.95,30.68,283.48,234.02,1,-1,-1,-1
57,5,385.94,764.36,242.83,205.16,1,-1,-1,-1
57,1,948.98,797.85,269.79,243.79,1,-1,-1,-1
58,73,1671.75,798.74,172.61,200.56,1,-1,-1,-1
58,72,761.92,902.93,159.93,188.98,1,-1,-1,-1
58,71,1393.06,863.47,196.80,232.16,1,-1,-1,-1
58,64,154.43,170.74,264.70,265.54,1,-1,-1,-1
58,59,150.23,850.78,253.69,230.66,1,-1,-1,-1
58,56,344.47,830.83,227.16,225.54,1,-1,-1,-1
58,40,949.13,296.91,230.90,225.83,1,-1,-1,-1
58,39,510.14,75.53,301.51,256.08,1,-1,-1,-1
58,1,988.29,841.92,245.06,240.79,1,-1,-1,-1
59,73,1670.21,856.29,189.80,223.22,1,-1,-1,-1
59,71,1406.29,919.62,189.74,187.02,1,-1,-1,-1
59,59,162.50,917.82,246.79,199.63,1,-1,-1,-1
59,40,897.40,290.06,238.69,225.27,1,-1,-1,-1
59,38,1417.11,875.72,212.22,200.18,1,-1,-1,-1
59,8,187.26,876.34,241.80,202.22,1,-1,-1,-1
59,5,410.49,873.58,232.46,195.65,1,-1,-1,-1
59,1,1008.23,885.94,227.93,223.00,1,-1,-1,-1
60,79,1249.55,396.81,241.63,280.06,1,-1,-1,-1
60,77,443.49,306.86,328.06,309.95,1,-1,-1,-1
60,73,1753.36,968.17,146.23,148.71,1,-1,-1,-1
60,64,101.65,2.06,207.00,190.04,1,-1,-1,-1
60,40,876.95,391.11,242.82,221.30,1,-1,-1,-1
60,8,138.44,531.19,265.65,229.56,1,-1,-1,-1
61,79,1247.67,478.07,243.16,279.47,1,-1,-1,-1
61,77,448.84,390.78,326.28,300.03,1,-1,-1,-1
61,69,105.29,417.17,348.78,263.69,1,-1,-1,-1
61,56,259.59,899.48,214.19,219.71,1,-1,-1,-1
61,40,869.43,455.27,248.80,236.29,1,-1,-1,-1
61,39,480.05,-20.59,341.80,158.67,1,-1,-1,-1
62,80,-0.16,60.09,242.54,192.74,1,-1,-1,-1
62,79,1251.02,542.82,248.94,278.72,1,-1,-1,-1
62,78,340.55,-3.18,144.35,120.29,1,-1,-1,-1
62,77,447.66,463.53,330.52,300.34,1,-1,-1,-1
62,76,1692.00,-8.55,210.34,168.50,1,-1,-1,-1
62,73,1680.33,617.61,234.71,248.76,1,-1,-1,-1
62,65,882.91,591.66,267.47,294.41,1,-1,-1,-1
62,40,873.44,558.57,252.13,229.11,1,-1,-1,-1
63,81,503.47,10.03,308.02,203.14,1,-1,-1,-1
63,80,0.45,126.65,243.17,196.73,1,-1,-1,-1
63,79,1252.91,604.57,254.29,281.30,1,-1,-1,-1
63,77,452.41,541.78,329.34,298.36,1,-1,-1,-1
63,76,1725.89,33.07,206.07,157.98,1,-1,-1,-1
63,69,122.34,559.21,351.53,277.90,1,-1,-1,-1
63,65,879.40,612.70,269.85,294.62,1,-1,-1,-1
64,83,315.25,73.42,183.91,180.24,1,-1,-1,-1
64,82,152.65,623.79,319.43,267.50,1,-1,-1,-1
64,80,1.05,202.60,243.32,199.18,1,-1,-1,-1
64,79,1246.41,682.09,260.38,289.20,1,-1,-1,-1
64,77,455.99,623.84,331.97,298.00,1,-1,-1,-1
64,76,1743.81,102.63,193.81,149.69,1,-1,-1,-1
64,65,882.93,663.59,273.30,300.36,1,-1,-1,-1
64,39,505.39,66.97,324.33,177.46,1,-1,-1,-1
65,83,326.70,204.26,176.67,183.76,1,-1,-1,-1
65,82,155.43,761.95,309.33,271.98,1,-1,-1,-1
65,80,-9.76,336.55,255.44,230.03,1,-1,-1,-1
65,79,1252.17,790.71,253.23,286.19,1,-1,-1,-1
65,77,463.08,756.54,328.63,298.91,1,-1,-1,-1
65,73,1705.12,297.89,220.17,202.46,1,-1,-1,-1
65,65,884.07,777.24,268.88,285.40,1,-1,-1,-1
65,39,513.74,182.27,301.22,184.26,1,-1,-1,-1
66,83,515.26,311.25,221.95,205.00,1,-1,-1,-1
66,82,172.07,845.49,282.70,253.27,1,-1,-1,-1
66,81,310.13,286.57,209.83,172.10,1,-1,-1,-1
66,80,-11.50,414.65,253.73,243.48,1,-1,-1,-1
66,79,1247.88,866.20,232.90,254.69,1,-1,-1,-1
66,77,476.62,841.14,314.40,273.52,1,-1,-1,-1
66,73,1690.25,704.13,225.92,191.63,1,-1,-1,-1
66,65,902.57,856.10,264.74,251.00,1,-1,-1,-1
67,82,199.95,906.11,253.54,213.50,1,-1,-1,-1
67,81,305.80,377.88,183.64,160.32,1,-1,-1,-1
67,80,-11.72,491.41,257.51,264.52,1,-1,-1,-1
67,79,1259.25,927.19,204.37,210.51,1,-1,-1,-1
67,77,487.80,903.85,297.46,232.80,1,-1,-1,-1
67,39,523.65,348.94,286.42,190.62,1,-1,-1,-1
68,82,218.79,962.80,230.98,161.75,1,-1,-1,-1
68,81,306.04,443.08,174.70,165.43,1,-1,-1,-1
68,80,-11.54,557.04,261.48,287.03,1,-1,-1,-1
68,79,1266.82,993.89,183.92,146.71,1,-1,-1,-1
68,69,487.53,944.88,280.56,181.57,1,-1,-1,-1
68,39,528.77,433.20,273.80,193.33,1,-1,-1,-1
69,81,332.63,517.08,166.11,164.62,1,-1,-1,-1
69,80,-8.49,622.94,263.68,296.32,1,-1,-1,-1
69,39,533.16,496.54,267.23,203.40,1,-1,-1,-1
70,81,247.97,209.45,177.53,137.81,1,-1,-1,-1
70,80,-6.56,734.32,270.69,314.90,1,-1,-1,-1
70,69,719.21,223.49,273.24,169.96,1,-1,-1,-1
70,65,588.44,682.83,261.52,250.68,1,-1,-1,-1
70,39,385.95,601.75,239.75,197.56,1,-1,-1,-1
71,86,-13.74,62.47,125.68,193.83,1,-1,-1,-1
71,85,2.74,816.15,254.15,269.85,1,-1,-1,-1
71,84,1098.23,4.50,153.19,159.45,1,-1,-1,-1
71,83,1094.59,18.86,152.03,133.24,1,-1,-1,-1
71,81,195.10,76.52,209.13,149.61,1,-1,-1,-1
71,80,4.16,795.32,262.88,273.60,1,-1,-1,-1
71,69,752.76,82.65,286.43,197.60,1,-1,-1,-1
71,65,548.60,712.41,263.46,250.74,1,-1,-1,-1
71,39,337.99,679.26,220.59,196.35,1,-1,-1,-1
72,81,159.89,38.67,247.46,185.89,1,-1,-1,-1
72,80,3.76,863.87,259.65,256.91,1,-1,-1,-1
72,69,765.36,70.81,288.72,218.29,1,-1,-1,-1
72,65,535.66,768.65,261.77,253.33,1,-1,-1,-1
72,39,324.66,772.51,212.38,186.70,1,-1,-1,-1
73,87,-1.86,173.04,96.13,251.54,1,-1,-1,-1
73,83,864.99,106.34,239.48,222.08,1,-1,-1,-1
73,81,141.53,53.39,275.70,221.65,1,-1,-1,-1
73,80,12.96,924.26,258.40,218.55,1,-1,-1,-1
73,65,381.51,833.61,243.93,229.43,1,-1,-1,-1
73,39,467.93,858.05,225.80,195.19,1,-1,-1,-1
74,91,102.99,1003.29,137.37,86.05,1,-1,-1,-1
74,87,-2.37,230.16,94.80,265.83,1,-1,-1,-1
74,83,1034.71,176.20,210.01,212.69,1,-1,-1,-1
74,81,135.17,104.81,292.36,247.09,1,-1,-1,-1
74,65,329.66,895.67,235.28,203.53,1,-1,-1,-1
75,92,749.22,354.92,281.37,278.16,1,-1,-1,-1
75,90,1097.10,364.97,156.50,196.69,1,-1,-1,-1
75,87,-0.87,352.41,90.94,221.45,1,-1,-1,-1
75,83,1092.86,300.29,215.28,213.90,1,-1,-1,-1
75,81,128.05,222.39,300.44,261.80,1,-1,-1,-1
76,92,747.71,436.15,280.30,276.24,1,-1,-1,-1
76,91,-12.80,499.87,126.87,106.95,1,-1,-1,-1
76,90,1091.70,447.16,160.00,199.97,1,-1,-1,-1
76,87,0.75,442.94,93.52,228.52,1,-1,-1,-1
76,69,515.34,-15.42,240.70,186.27,1,-1,-1,-1
77,94,137.39,434.70,306.21,283.23,1,-1,-1,-1
77,93,-10.40,550.45,113.93,120.08,1,-1,-1,-1
77,92,744.54,504.60,287.11,279.40,1,-1,-1,-1
77,90,1088.45,518.75,163.36,203.16,1,-1,-1,-1
77,87,1.19,520.61,93.37,222.07,1,-1,-1,-1
77,83,1109.89,466.08,218.14,219.59,1,-1,-1,-1
77,81,-29.52,474.86,230.73,262.05,1,-1,-1,-1
77,65,46.79,147.60,240.08,181.31,1,-1,-1,-1
78,96,1334.31,6.27,315.20,207.01,1,-1,-1,-1
78,95,431.00,72.53,245.17,205.36,1,-1,-1,-1
78,94,134.64,512.46,298.81,277.34,1,-1,-1,-1
78,92,744.93,587.55,286.31,277.33,1,-1,-1,-1
78,90,1081.82,587.94,166.61,205.16,1,-1,-1,-1
78,87,-1.79,588.16,92.87,239.52,1,-1,-1,-1
78,65,7.76,43.00,261.78,206.21,1,-1,-1,-1
78,39,15.25,688.36,168.39,217.65,1,-1,-1,-1
79,98,996.34,7.55,329.09,267.28,1,-1,-1,-1
79,97,1669.65,103.65,242.06,254.41,1,-1,-1,-1
79,96,1336.30,39.08,316.71,236.69,1,-1,-1,-1
79,95,423.55,144.12,249.41,207.72,1,-1,-1,-1
79,94,134.11,587.93,297.07,276.48,1,-1,-1,-1
79,92,742.27,667.65,285.31,276.01,1,-1,-1,-1
79,90,1078.64,654.60,187.73,212.94,1,-1,-1,-1
79,87,-1.74,651.52,91.41,243.04,1,-1,-1,-1
80,99,1675.20,266.94,251.15,239.01,1,-1,-1,-1
80,98,977.70,143.04,354.48,313.17,1,-1,-1,-1
80,97,1379.82,189.33,255.03,250.09,1,-1,-1,-1
80,95,419.95,286.08,241.60,203.48,1,-1,-1,-1
80,94,353.94,370.60,258.30,234.82,1,-1,-1,-1
80,92,962.54,791.86,233.60,238.82,1,-1,-1,-1
80,90,863.78,791.09,232.68,247.38,1,-1,-1,-1
80,87,-1.17,767.57,95.28,269.33,1,-1,-1,-1
80,83,1104.49,764.18,230.02,224.24,1,-1,-1,-1
80,81,104.81,729.40,259.20,268.36,1,-1,-1,-1
80,69,657.28,179.05,279.72,206.07,1,-1,-1,-1
80,65,-4.45,159.12,272.35,216.83,1,-1,-1,-1
80,39,-26.29,786.93,140.16,238.63,1,-1,-1,-1
81,100,2.00,875.52,68.19,218.58,1,-1,-1,-1
81,98,977.18,227.13,344.55,317.77,1,-1,-1,-1
81,97,1326.69,273.00,259.73,240.45,1,-1,-1,-1
81,96,1630.38,333.13,288.47,238.99,1,-1,-1,-1
81,94,419.58,364.10,237.64,213.38,1,-1,-1,-1
81,92,776.07,463.41,258.30,243.27,1,-1,-1,-1
81,90,777.10,881.93,252.90,233.34,1,-1,-1,-1
81,83,1085.97,871.18,205.97,209.17,1,-1,-1,-1
81,81,130.79,812.78,266.71,266.05,1,-1,-1,-1
81,69,491.53,313.53,263.03,204.97,1,-1,-1,-1
82,102,1100.19,945.23,196.78,148.47,1,-1,-1,-1
82,97,1090.44,825.38,190.07,170.26,1,-1,-1,-1
82,95,619.44,387.44,307.96,258.99,1,-1,-1,-1
82,92,937.40,358.12,275.60,257.89,1,-1,-1,-1
82,90,747.99,953.89,264.55,189.96,1,-1,-1,-1
82,87,158.45,892.90,160.29,234.12,1,-1,-1,-1
82,83,1287.39,555.31,222.23,216.62,1,-1,-1,-1
82,81,48.65,534.26,275.77,257.67,1,-1,-1,-1
82,69,433.12,412.36,257.33,207.54,1,-1,-1,-1
82,39,-36.21,897.60,109.89,208.08,1,-1,-1,-1
83,104,1636.70,6.43,289.83,168.97,1,-1,-1,-1
83,103,11.38,447.07,266.22,230.66,1,-1,-1,-1
83,95,645.67,459.67,327.05,276.26,1,-1,-1,-1
83,92,984.94,370.19,289.30,267.51,1,-1,-1,-1
83,83,1358.39,485.87,231.30,220.66,1,-1,-1,-1
83,69,419.68,495.11,248.87,205.16,1,-1,-1,-1
84,104,1625.41,25.46,315.04,216.73,1,-1,-1,-1
84,102,1662.32,588.11,255.40,222.14,1,-1,-1,-1
84,95,1152.72,521.04,298.05,252.87,1,-1,-1,-1
84,94,85.44,507.87,245.77,214.72,1,-1,-1,-1
84,92,782.51,477.84,292.75,250.88,1,-1,-1,-1
84,83,1143.10,474.06,260.05,246.16,1,-1,-1,-1
84,69,410.78,578.77,245.64,206.11,1,-1,-1,-1
84,65,0.73,-10.76,262.15,184.15,1,-1,-1,-1
85,106,651.46,750.59,168.59,125.78,1,-1,-1,-1
85,103,1199.44,36.17,256.25,233.60,1,-1,-1,-1
85,102,1697.31,218.27,283.74,255.07,1,-1,-1,-1
85,98,676.12,699.44,284.52,216.91,1,-1,-1,-1
85,95,1543.84,681.40,280.80,253.13,1,-1,-1,-1
85,94,28.55,634.42,253.54,222.56,1,-1,-1,-1
85,92,921.31,575.51,297.41,262.69,1,-1,-1,-1
85,83,1298.16,609.55,257.74,238.12,1,-1,-1,-1
85,69,405.85,714.19,242.82,206.71,1,-1,-1,-1
85,65,-1.02,7.95,282.34,215.94,1,-1,-1,-1
86,108,290.58,28.94,329.09,287.26,1,-1,-1,-1
86,107,986.03,66.86,213.62,209.53,1,-1,-1,-1
86,104,1273.02,76.75,296.15,231.08,1,-1,-1,-1
86,103,1639.96,162.19,273.88,254.81,1,-1,-1,-1
86,102,980.27,575.95,291.60,240.49,1,-1,-1,-1
86,96,1697.48,806.87,248.19,217.80,1,-1,-1,-1
86,95,995.02,794.05,294.70,269.13,1,-1,-1,-1
86,92,972.81,662.12,297.99,268.65,1,-1,-1,-1
86,83,1351.59,704.03,258.05,238.85,1,-1,-1,-1
86,69,402.05,814.93,241.70,211.98,1,-1,-1,-1
86,65,-2.69,66.61,289.03,228.32,1,-1,-1,-1
87,108,20.01,181.59,308.47,267.14,1,-1,-1,-1
87,107,980.38,140.11,216.74,217.11,1,-1,-1,-1
87,105,-0.87,837.04,282.57,232.26,1,-1,-1,-1
87,103,1486.18,133.81,268.65,251.76,1,-1,-1,-1
87,96,1707.30,887.01,232.39,211.34,1,-1,-1,-1
87,95,790.85,870.23,296.94,249.27,1,-1,-1,-1
87,92,984.70,747.28,305.74,275.77,1,-1,-1,-1
87,83,1370.56,796.66,259.11,240.21,1,-1,-1,-1
87,69,402.99,891.87,237.37,198.58,1,-1,-1,-1
87,65,186.84,95.93,301.79,248.54,1,-1,-1,-1
88,110,1639.42,385.54,274.90,287.52,1,-1,-1,-1
88,109,9.85,882.38,250.92,210.14,1,-1,-1,-1
88,108,-29.40,267.72,315.35,279.41,1,-1,-1,-1
88,107,1219.21,218.21,253.42,247.03,1,-1,-1,-1
88,98,427.62,977.37,210.00,137.67,1,-1,-1,-1
88,96,1485.22,962.43,235.03,170.20,1,-1,-1,-1
88,92,995.58,816.17,304.12,267.13,1,-1,-1,-1
88,83,1373.49,873.94,260.84,220.68,1,-1,-1,-1
88,69,584.74,936.84,251.27,177.44,1,-1,-1,-1
88,65,256.30,159.22,311.36,264.34,1,-1,-1,-1
89,111,980.12,296.98,208.53,214.34,1,-1,-1,-1
89,110,1629.16,463.74,282.84,292.29,1,-1,-1,-1
89,107,1277.77,296.89,259.99,253.53,1,-1,-1,-1
89,92,1018.24,887.07,288.85,230.82,1,-1,-1,-1
89,65,282.78,234.67,312.61,276.03,1,-1,-1,-1
90,111,343.18,425.27,281.10,268.88,1,-1,-1,-1
90,110,1625.15,612.69,286.62,287.92,1,-1,-1,-1
90,107,766.52,92.84,245.61,216.55,1,-1,-1,-1
90,102,934.39,438.55,265.61,230.98,1,-1,-1,-1
90,92,1178.14,620.17,280.32,233.10,1,-1,-1,-1
90,65,853.45,65.76,284.12,259.42,1,-1,-1,-1
91,113,1152.94,82.94,246.05,171.20,1,-1,-1,-1
91,112,3.94,558.72,312.27,288.56,1,-1,-1,-1
91,110,1638.71,708.11,277.52,282.29,1,-1,-1,-1
91,104,297.85,495.29,322.27,271.24,1,-1,-1,-1
91,103,1796.16,17.36,224.86,254.54,1,-1,-1,-1
91,102,1149.22,493.01,272.03,242.81,1,-1,-1,-1
91,95,1333.46,121.07,315.80,220.03,1,-1,-1,-1
91,69,552.80,212.10,241.13,193.56,1,-1,-1,-1
91,65,935.02,355.15,266.72,246.41,1,-1,-1,-1
92,114,8.77,630.28,307.15,296.83,1,-1,-1,-1
92,110,1646.37,794.72,268.99,275.71,1,-1,-1,-1
92,107,1087.56,134.40,215.12,201.08,1,-1,-1,-1
92,102,736.55,218.31,252.56,237.90,1,-1,-1,-1
92,95,1375.03,42.33,344.47,246.27,1,-1,-1,-1
92,92,1248.80,619.29,272.46,243.87,1,-1,-1,-1
92,69,548.20,175.46,232.54,175.73,1,-1,-1,-1
92,65,966.63,516.24,252.39,240.62,1,-1,-1,-1
93,115,289.05,667.47,287.42,286.04,1,-1,-1,-1
93,114,14.53,697.20,301.10,301.16,1,-1,-1,-1
93,110,1647.96,869.09,249.28,249.01,1,-1,-1,-1
93,107,1162.69,200.38,199.77,193.96,1,-1,-1,-1
93,103,1834.51,138.83,188.50,257.69,1,-1,-1,-1
93,95,1390.93,64.18,350.25,261.64,1,-1,-1,-1
93,92,1061.78,656.21,251.06,234.90,1,-1,-1,-1
93,69,540.91,177.51,228.16,190.64,1,-1,-1,-1
94,118,278.28,744.68,306.69,286.30,1,-1,-1,-1
94,117,25.53,773.69,285.71,309.48,1,-1,-1,-1
94,113,1721.71,281.10,219.96,218.66,1,-1,-1,-1
94,107,1187.67,275.47,190.86,190.78,1,-1,-1,-1
94,95,1396.04,122.14,350.75,265.74,1,-1,-1,-1
94,92,1430.08,819.28,247.01,213.37,1,-1,-1,-1
94,69,540.87,231.54,219.77,197.80,1,-1,-1,-1
94,65,1214.41,710.90,257.04,254.05,1,-1,-1,-1
95,119,965.73,878.38,211.45,211.57,1,-1,-1,-1
95,116,92.42,284.21,318.42,260.76,1,-1,-1,-1
95,115,310.11,878.58,244.34,217.39,1,-1,-1,-1
95,114,38.62,892.31,261.26,216.08,1,-1,-1,-1
95,113,1503.65,323.89,292.89,260.83,1,-1,-1,-1
95,112,12.67,870.19,302.89,231.55,1,-1,-1,-1
95,110,1730.21,535.42,202.00,239.30,1,-1,-1,-1
95,107,1187.79,411.80,197.93,189.69,1,-1,-1,-1
95,69,548.01,349.76,210.54,205.55,1,-1,-1,-1
95,65,1268.78,844.65,257.20,227.82,1,-1,-1,-1
96,119,1281.74,953.59,179.42,150.68,1,-1,-1,-1
96,116,81.94,370.83,325.78,276.56,1,-1,-1,-1
96,115,321.11,962.20,214.53,151.43,1,-1,-1,-1
96,114,109.64,968.67,198.24,150.96,1,-1,-1,-1
96,113,1427.35,396.48,326.90,276.31,1,-1,-1,-1
96,110,1747.83,503.79,184.76,245.34,1,-1,-1,-1
96,107,1184.76,511.84,196.76,187.97,1,-1,-1,-1
96,69,548.99,447.63,203.82,210.43,1,-1,-1,-1
97,120,1165.17,633.45,208.43,169.65,1,-1,-1,-1
97,119,1095.20,1014.91,122.24,85.00,1,-1,-1,-1
97,113,1394.82,472.76,343.53,281.81,1,-1,-1,-1
97,110,1756.54,549.34,173.83,253.07,1,-1,-1,-1
97,107,1182.62,604.51,194.33,183.09,1,-1,-1,-1
97,69,550.66,533.82,197.18,211.97,1,-1,-1,-1
97,65,1389.16,593.55,289.18,243.51,1,-1,-1,-1
98,122,1507.40,-0.59,192.72,160.49,1,-1,-1,-1
98,121,99.49,509.05,282.21,287.24,1,-1,-1,-1
98,120,632.08,36.93,232.87,210.10,1,-1,-1,-1
98,110,1758.46,620.52,169.32,268.03,1,-1,-1,-1
98,107,1177.67,688.50,194.07,181.16,1,-1,-1,-1
98,95,1722.13,3.35,256.11,255.45,1,-1,-1,-1
98,69,544.85,614.78,197.16,217.06,1,-1,-1,-1
98,65,1397.20,580.46,306.33,251.15,1,-1,-1,-1
99,122,1807.46,92.09,167.91,172.41,1,-1,-1,-1
99,116,57.63,586.36,344.61,320.90,1,-1,-1,-1
99,110,1765.64,679.98,159.50,252.32,1,-1,-1,-1
99,107,1178.53,771.29,190.97,178.71,1,-1,-1,-1
99,95,1579.65,-1.40,242.80,245.66,1,-1,-1,-1
99,69,533.36,695.16,199.19,220.28,1,-1,-1,-1
99,65,1393.48,612.01,320.05,266.93,1,-1,-1,-1
100,127,1784.21,227.34,141.26,222.37,1,-1,-1,-1
100,126,602.71,248.36,201.91,212.05,1,-1,-1,-1
100,124,824.08,110.46,284.50,218.36,1,-1,-1,-1
100,123,-19.85,106.22,170.61,251.27,1,-1,-1,-1
100,114,-6.64,224.34,174.26,187.64,1,-1,-1,-1
100,113,1361.01,749.77,358.47,312.92,1,-1,-1,-1
100,112,44.67,780.41,342.57,305.12,1,-1,-1,-1
100,110,1767.15,793.65,154.58,245.11,1,-1,-1,-1
100,107,1181.62,899.13,192.07,165.89,1,-1,-1,-1
100,95,1538.48,98.49,229.63,241.30,1,-1,-1,-1
100,69,534.04,820.60,202.87,217.46,1,-1,-1,-1
100,65,1390.00,722.68,322.86,280.85,1,-1,-1,-1
101,127,1893.17,306.88,135.61,227.38,1,-1,-1,-1
101,126,600.55,312.74,212.24,227.85,1,-1,-1,-1
101,125,-31.26,181.21,160.04,224.29,1,-1,-1,-1
101,124,822.81,173.42,282.10,241.19,1,-1,-1,-1
101,123,91.88,100.40,212.55,263.52,1,-1,-1,-1
101,122,1566.70,234.74,216.53,233.95,1,-1,-1,-1
101,113,1358.83,820.63,344.62,295.69,1,-1,-1,-1
101,112,51.08,797.60,336.75,299.19,1,-1,-1,-1
101,110,1773.79,875.44,146.74,213.70,1,-1,-1,-1
102,127,1628.81,315.94,176.89,254.12,1,-1,-1,-1
102,126,588.97,379.65,220.21,240.13,1,-1,-1,-1
102,124,821.36,247.05,278.30,247.96,1,-1,-1,-1
102,123,113.65,155.42,234.74,263.37,1,-1,-1,-1
102,113,1360.21,880.18,332.24,261.91,1,-1,-1,-1
102,112,108.24,855.18,293.96,259.24,1,-1,-1,-1
102,110,1786.36,566.66,136.02,208.64,1,-1,-1,-1
103,128,124.33,229.50,199.84,287.22,1,-1,-1,-1
103,126,585.73,446.18,225.34,250.40,1,-1,-1,-1
103,124,821.83,320.50,275.09,254.07,1,-1,-1,-1
103,122,1504.26,384.52,225.29,247.51,1,-1,-1,-1
103,112,5.61,505.80,233.13,270.09,1,-1,-1,-1
103,110,1793.35,496.76,128.16,206.96,1,-1,-1,-1
104,126,584.61,513.94,224.48,260.28,1,-1,-1,-1
104,124,823.09,397.73,270.84,253.49,1,-1,-1,-1
104,122,1478.43,452.16,235.01,248.58,1,-1,-1,-1
104,112,1166.26,505.66,196.65,255.96,1,-1,-1,-1
104,69,41.44,469.20,162.85,244.55,1,-1,-1,-1
105,130,1553.79,19.36,299.25,212.21,1,-1,-1,-1
105,126,572.94,630.24,238.09,277.78,1,-1,-1,-1
105,124,819.57,530.29,270.36,254.66,1,-1,-1,-1
105,123,103.60,465.95,246.81,265.89,1,-1,-1,-1
105,122,1458.10,583.44,246.33,246.40,1,-1,-1,-1
105,113,167.06,609.92,268.17,291.83,1,-1,-1,-1
105,110,1791.94,654.33,125.56,217.27,1,-1,-1,-1
105,69,1.76,154.46,165.71,254.77,1,-1,-1,-1
106,135,630.99,74.99,192.71,187.23,1,-1,-1,-1
106,134,1528.65,101.45,380.05,187.55,1,-1,-1,-1
106,133,847.70,77.26,285.96,253.89,1,-1,-1,-1
106,132,1231.74,7.56,280.33,137.50,1,-1,-1,-1
106,126,569.38,726.68,240.88,286.30,1,-1,-1,-1
106,124,818.30,626.84,269.37,255.48,1,-1,-1,-1
106,122,1445.16,685.04,256.54,243.40,1,-1,-1,-1
106,113,71.62,581.17,258.17,281.91,1,-1,-1,-1
106,110,1787.86,729.07,128.66,229.88,1,-1,-1,-1
106,69,-21.82,448.20,152.16,273.62,1,-1,-1,-1
107,136,0.40,115.52,171.28,327.34,1,-1,-1,-1
107,135,621.28,138.13,205.27,195.89,1,-1,-1,-1
107,134,1551.98,168.79,362.39,217.37,1,-1,-1,-1
107,133,862.05,161.89,271.72,238.99,1,-1,-1,-1
107,132,1208.30,17.30,328.90,188.54,1,-1,-1,-1
107,129,218.72,24.19,296.72,326.48,1,-1,-1,-1
107,126,564.12,798.05,245.41,294.83,1,-1,-1,-1
107,124,819.85,709.91,266.15,257.80,1,-1,-1,-1
107,123,98.09,629.53,247.62,267.28,1,-1,-1,-1
107,122,1444.16,772.21,257.58,239.65,1,-1,-1,-1
107,110,1783.02,796.23,132.24,238.54,1,-1,-1,-1
107,69,-30.02,619.61,137.91,284.93,1,-1,-1,-1
108,136,825.33,209.26,225.26,301.10,1,-1,-1,-1
108,135,621.73,741.98,158.37,131.14,1,-1,-1,-1
108,134,740.04,224.47,293.40,202.63,1,-1,-1,-1
108,133,1467.87,226.29,269.66,242.54,1,-1,-1,-1
108,130,1237.46,33.05,316.71,258.91,1,-1,-1,-1
108,129,250.88,77.68,256.59,323.07,1,-1,-1,-1
108,128,-6.29,191.86,190.74,318.33,1,-1,-1,-1
108,126,571.85,856.73,237.89,273.65,1,-1,-1,-1
108,124,821.55,783.86,259.18,259.61,1,-1,-1,-1
108,123,98.42,713.91,244.45,264.73,1,-1,-1,-1
108,122,1440.73,843.01,259.04,246.38,1,-1,-1,-1
108,110,1783.71,853.95,131.61,224.18,1,-1,-1,-1
109,136,1575.20,285.61,237.25,280.52,1,-1,-1,-1
109,135,626.89,953.90,133.21,112.05,1,-1,-1,-1
109,134,540.98,292.34,256.80,194.94,1,-1,-1,-1
109,133,1054.72,298.33,274.68,249.81,1,-1,-1,-1
109,130,1211.91,95.13,307.16,268.30,1,-1,-1,-1
109,126,591.53,904.89,207.07,242.27,1,-1,-1,-1
109,124,821.38,856.51,255.64,251.69,1,-1,-1,-1
109,123,90.74,790.91,250.14,272.77,1,-1,-1,-1
109,122,1439.08,897.00,258.03,231.15,1,-1,-1,-1
109,110,1786.37,913.72,130.09,188.46,1,-1,-1,-1
110,141,254.72,334.14,223.09,346.24,1,-1,-1,-1
110,133,1191.61,289.96,290.03,269.21,1,-1,-1,-1
110,126,608.57,607.31,206.36,230.18,1,-1,-1,-1
110,124,840.34,602.12,266.65,265.48,1,-1,-1,-1
110,123,89.80,901.12,256.04,224.24,1,-1,-1,-1
110,110,1674.86,629.41,164.20,208.98,1,-1,-1,-1
111,142,2.33,524.85,151.39,259.44,1,-1,-1,-1
111,141,258.97,412.16,215.69,329.87,1,-1,-1,-1
111,140,-3.63,806.82,76.66,198.15,1,-1,-1,-1
111,133,1231.99,335.44,299.82,277.89,1,-1,-1,-1
111,132,1692.10,-0.27,236.42,147.68,1,-1,-1,-1
111,130,684.62,0.76,266.76,202.35,1,-1,-1,-1
111,129,306.75,-23.93,253.06,216.02,1,-1,-1,-1
111,126,611.34,544.98,207.52,226.80,1,-1,-1,-1
111,124,845.03,552.64,270.39,272.59,1,-1,-1,-1
111,123,233.71,707.78,214.33,203.57,1,-1,-1,-1
111,110,1624.72,575.11,190.27,219.90,1,-1,-1,-1
112,141,225.89,491.82,232.56,335.16,1,-1,-1,-1
112,137,3.69,584.84,151.05,273.16,1,-1,-1,-1
112,133,1235.20,400.68,307.58,289.42,1,-1,-1,-1
112,132,1729.41,11.37,227.81,165.78,1,-1,-1,-1
112,126,617.08,571.02,205.15,219.80,1,-1,-1,-1
112,124,843.24,583.05,272.81,278.23,1,-1,-1,-1
112,123,226.82,603.87,238.61,244.18,1,-1,-1,-1
112,110,1607.39,604.85,203.27,223.62,1,-1,-1,-1
113,145,1318.12,36.98,261.24,191.32,1,-1,-1,-1
113,144,258.75,31.83,316.49,268.67,1,-1,-1,-1
113,143,591.60,29.60,259.28,226.21,1,-1,-1,-1
113,141,207.63,576.53,236.80,321.75,1,-1,-1,-1
113,139,5.17,-6.95,135.64,208.38,1,-1,-1,-1
113,138,7.52,665.82,149.18,281.31,1,-1,-1,-1
113,133,1235.47,477.19,309.09,291.84,1,-1,-1,-1
113,132,1732.21,29.76,235.26,199.55,1,-1,-1,-1
113,128,561.06,606.78,211.11,254.72,1,-1,-1,-1
113,126,776.83,641.86,233.70,243.08,1,-1,-1,-1
113,110,1595.59,666.22,215.67,227.70,1,-1,-1,-1
114,145,1690.88,122.72,241.86,205.56,1,-1,-1,-1
114,144,1415.27,22.32,268.72,243.03,1,-1,-1,-1
114,143,592.34,104.28,258.10,236.81,1,-1,-1,-1
114,141,196.98,649.31,232.28,288.39,1,-1,-1,-1
114,133,1231.10,556.26,305.50,293.25,1,-1,-1,-1
114,130,9.37,651.87,234.56,234.32,1,-1,-1,-1
114,128,323.43,653.01,227.34,256.76,1,-1,-1,-1
114,126,666.95,706.46,228.28,233.35,1,-1,-1,-1
114,124,842.89,716.67,274.72,284.77,1,-1,-1,-1
114,123,274.13,236.88,268.06,263.04,1,-1,-1,-1
114,122,1165.13,241.49,265.44,248.56,1,-1,-1,-1
114,110,1588.72,739.31,224.97,233.06,1,-1,-1,-1
115,145,1859.31,837.87,141.44,146.35,1,-1,-1,-1
115,144,1819.67,229.32,218.00,222.82,1,-1,-1,-1
115,143,1378.54,199.94,227.61,213.99,1,-1,-1,-1
115,141,484.31,381.96,231.78,266.51,1,-1,-1,-1
115,133,1477.01,800.32,281.62,250.83,1,-1,-1,-1
115,129,20.14,155.82,152.61,147.87,1,-1,-1,-1
115,128,241.11,785.04,238.22,259.18,1,-1,-1,-1
115,126,790.03,829.24,231.64,223.45,1,-1,-1,-1
115,124,1090.25,738.01,278.47,289.79,1,-1,-1,-1
115,123,275.96,254.36,282.65,273.50,1,-1,-1,-1
115,122,915.91,247.38,237.80,237.26,1,-1,-1,-1
116,149,868.64,959.73,185.03,134.54,1,-1,-1,-1
116,147,619.75,958.89,160.47,137.52,1,-1,-1,-1
116,141,1225.99,312.26,213.20,232.73,1,-1,-1,-1
116,133,1570.29,938.25,267.47,186.94,1,-1,-1,-1
116,128,225.91,872.54,230.93,228.46,1,-1,-1,-1
116,126,809.28,515.23,221.92,216.22,1,-1,-1,-1
116,124,1175.76,792.55,280.31,290.42,1,-1,-1,-1
116,123,273.52,314.95,293.60,281.93,1,-1,-1,-1
116,122,688.26,296.23,244.43,241.48,1,-1,-1,-1
116,110,1689.00,437.42,209.94,235.21,1,-1,-1,-1
117,141,1003.65,367.99,198.86,202.89,1,-1,-1,-1
117,126,1072.45,755.84,250.26,213.20,1,-1,-1,-1
117,124,1534.22,546.10,254.22,282.03,1,-1,-1,-1
117,123,267.61,386.80,303.47,288.96,1,-1,-1,-1
117,122,600.02,364.34,250.38,245.93,1,-1,-1,-1
117,110,1575.55,390.07,213.56,213.09,1,-1,-1,-1
118,149,1251.14,968.34,164.36,119.96,1,-1,-1,-1
118,141,1136.76,118.13,217.90,203.54,1,-1,-1,-1
118,138,356.08,3.82,224.75,225.66,1,-1,-1,-1
118,133,1269.57,672.97,257.17,199.94,1,-1,-1,-1
118,128,675.30,587.32,227.16,211.01,1,-1,-1,-1
118,126,1372.18,543.25,241.92,220.26,1,-1,-1,-1
118,123,261.76,461.76,310.97,297.05,1,-1,-1,-1
118,122,566.61,440.90,253.42,250.03,1,-1,-1,-1
119,153,1723.16,571.14,195.23,252.05,1,-1,-1,-1
119,152,345.78,-7.62,261.99,274.38,1,-1,-1,-1
119,151,1117.85,54.37,301.42,218.15,1,-1,-1,-1
119,149,1186.83,696.00,259.43,209.77,1,-1,-1,-1
119,141,592.47,428.22,255.37,239.70,1,-1,-1,-1
119,138,102.40,-32.21,161.14,204.85,1,-1,-1,-1
119,133,957.23,610.19,231.78,184.66,1,-1,-1,-1
119,128,627.92,577.31,217.70,219.63,1,-1,-1,-1
119,126,1611.40,235.26,231.71,215.02,1,-1,-1,-1
119,122,1156.52,471.51,240.94,250.91,1,-1,-1,-1
119,110,481.55,67.02,197.35,185.25,1,-1,-1,-1
120,153,1716.37,263.62,200.81,253.38,1,-1,-1,-1
120,151,1667.03,653.26,261.97,224.48,1,-1,-1,-1
120,150,133.89,5.38,240.92,291.49,1,-1,-1,-1
120,149,1445.80,646.63,251.77,228.39,1,-1,-1,-1
120,133,845.76,694.98,216.75,173.37,1,-1,-1,-1
120,128,606.27,687.45,208.24,218.74,1,-1,-1,-1
120,126,1705.05,226.79,222.71,203.77,1,-1,-1,-1
120,123,255.77,677.14,317.36,306.48,1,-1,-1,-1
120,122,1144.30,299.29,248.51,247.64,1,-1,-1,-1
120,110,363.74,113.38,225.79,206.39,1,-1,-1,-1
121,149,1535.00,694.09,238.66,233.78,1,-1,-1,-1
121,141,591.49,741.05,216.93,214.29,1,-1,-1,-1
121,133,806.39,783.18,208.26,163.58,1,-1,-1,-1
121,126,1735.36,278.18,216.24,200.33,1,-1,-1,-1
121,124,1719.89,772.60,229.62,268.10,1,-1,-1,-1
121,123,253.53,770.54,316.32,299.94,1,-1,-1,-1
121,122,1136.27,286.68,252.48,249.13,1,-1,-1,-1
121,110,319.35,189.62,244.30,227.99,1,-1,-1,-1
122,149,1691.01,473.34,238.26,250.94,1,-1,-1,-1
122,141,751.39,845.63,199.97,208.33,1,-1,-1,-1
122,133,1402.12,870.84,198.98,170.28,1,-1,-1,-1
122,128,1326.72,808.85,202.68,224.88,1,-1,-1,-1
122,126,1751.20,346.32,210.11,198.33,1,-1,-1,-1
122,124,659.72,378.80,230.50,264.20,1,-1,-1,-1
122,123,265.84,842.57,309.27,270.13,1,-1,-1,-1
122,122,1133.86,334.66,250.67,250.91,1,-1,-1,-1
122,110,303.16,262.69,253.06,236.41,1,-1,-1,-1
123,163,326.37,958.38,184.71,135.84,1,-1,-1,-1
123,161,345.57,383.42,260.34,295.99,1,-1,-1,-1
123,149,1745.98,761.14,225.74,211.82,1,-1,-1,-1
123,141,816.07,901.64,185.91,192.15,1,-1,-1,-1
123,128,1501.15,874.22,193.59,211.88,1,-1,-1,-1
123,126,1759.66,429.67,203.85,204.42,1,-1,-1,-1
123,122,1132.89,402.89,249.35,249.90,1,-1,-1,-1
124,141,498.42,309.47,172.23,142.85,1,-1,-1,-1
124,126,607.17,426.36,163.17,202.11,1,-1,-1,-1
124,124,1452.67,499.91,219.17,252.32,1,-1,-1,-1
124,123,321.54,570.99,297.27,270.68,1,-1,-1,-1
124,122,1134.86,482.30,248.78,250.03,1,-1,-1,-1
124,110,133.75,326.88,245.46,233.50,1,-1,-1,-1
125,158,668.96,56.12,202.22,210.23,1,-1,-1,-1
125,149,369.77,629.46,167.62,202.29,1,-1,-1,-1
125,141,388.35,157.44,177.00,143.55,1,-1,-1,-1
125,126,1328.77,621.96,171.23,214.01,1,-1,-1,-1
125,123,334.40,619.79,290.60,273.18,1,-1,-1,-1
125,122,1140.84,616.73,252.32,251.60,1,-1,-1,-1
125,110,741.60,100.65,239.67,223.58,1,-1,-1,-1
126,173,143.77,574.06,244.85,257.60,1,-1,-1,-1
126,172,1647.13,20.74,279.09,223.10,1,-1,-1,-1
126,171,-9.74,12.59,299.90,231.37,1,-1,-1,-1
126,170,1315.30,40.16,295.58,262.53,1,-1,-1,-1
126,169,-19.69,19.80,319.84,216.97,1,-1,-1,-1
126,168,1702.74,812.26,237.15,228.59,1,-1,-1,-1
126,158,702.63,120.77,202.78,203.96,1,-1,-1,-1
126,141,344.23,145.71,188.28,150.42,1,-1,-1,-1
126,128,1212.77,211.45,208.73,224.16,1,-1,-1,-1
126,123,341.29,689.00,286.27,271.91,1,-1,-1,-1
126,122,1140.95,723.08,254.99,252.62,1,-1,-1,-1
126,110,680.74,115.78,231.54,217.75,1,-1,-1,-1
127,173,138.51,645.98,250.25,262.77,1,-1,-1,-1
127,170,1311.54,116.38,307.90,278.90,1,-1,-1,-1
127,168,1768.24,851.36,221.38,224.47,1,-1,-1,-1
127,165,-2.11,734.58,88.81,286.08,1,-1,-1,-1
127,164,326.83,234.28,210.09,169.25,1,-1,-1,-1
127,158,214.03,104.36,237.04,228.96,1,-1,-1,-1
127,128,1150.74,144.86,218.09,222.91,1,-1,-1,-1
127,126,1405.00,827.53,168.94,210.19,1,-1,-1,-1
127,123,342.62,767.33,286.12,279.46,1,-1,-1,-1
127,122,1140.48,810.17,258.12,251.89,1,-1,-1,-1
128,177,1653.12,194.81,265.65,212.45,1,-1,-1,-1
128,173,142.09,728.00,253.44,262.45,1,-1,-1,-1
128,172,1648.09,190.67,275.02,218.19,1,-1,-1,-1
128,170,1316.64,196.35,310.63,286.61,1,-1,-1,-1
128,168,1727.05,336.64,246.34,227.68,1,-1,-1,-1
128,167,0.60,803.66,90.89,268.66,1,-1,-1,-1
128,164,597.28,293.66,204.35,182.76,1,-1,-1,-1
128,158,43.18,150.01,251.01,236.66,1,-1,-1,-1
128,149,147.40,705.99,218.97,245.55,1,-1,-1,-1
128,141,306.22,224.18,210.40,176.16,1,-1,-1,-1
128,128,1120.93,178.70,228.55,228.60,1,-1,-1,-1
128,126,1422.49,913.00,174.60,179.45,1,-1,-1,-1
128,124,839.03,815.06,230.56,239.29,1,-1,-1,-1
128,123,344.94,838.59,287.42,256.75,1,-1,-1,-1
128,122,1140.20,881.61,265.16,224.36,1,-1,-1,-1
128,110,369.97,244.53,234.42,195.10,1,-1,-1,-1
129,173,137.59,800.91,263.18,275.71,1,-1,-1,-1
129,172,1648.68,279.02,272.81,213.59,1,-1,-1,-1
129,170,1319.60,276.59,301.34,283.78,1,-1,-1,-1
129,167,-1.40,890.73,79.74,225.35,1,-1,-1,-1
129,165,-0.26,852.01,89.31,263.40,1,-1,-1,-1
129,164,755.79,777.73,182.96,160.93,1,-1,-1,-1
129,141,106.86,238.42,234.40,200.88,1,-1,-1,-1
129,123,348.31,911.00,290.62,210.57,1,-1,-1,-1
129,122,1095.51,515.68,261.29,226.45,1,-1,-1,-1
129,110,308.92,332.60,226.63,184.84,1,-1,-1,-1
130,177,216.33,952.11,201.89,134.71,1,-1,-1,-1
130,172,1650.30,421.93,271.01,211.90,1,-1,-1,-1
130,170,1321.52,418.72,302.36,285.47,1,-1,-1,-1
130,128,511.30,415.18,221.76,215.47,1,-1,-1,-1
130,126,1263.57,226.87,177.14,178.43,1,-1,-1,-1
130,122,1078.66,479.38,258.46,228.02,1,-1,-1,-1
131,183,687.67,612.54,193.16,204.20,1,-1,-1,-1
131,182,1580.73,65.23,222.70,241.65,1,-1,-1,-1
131,181,307.84,589.19,221.33,193.75,1,-1,-1,-1
131,180,1114.01,44.04,313.89,175.67,1,-1,-1,-1
131,172,1647.82,529.68,270.32,209.07,1,-1,-1,-1
131,170,1325.77,517.91,298.92,285.52,1,-1,-1,-1
131,128,615.50,544.65,213.96,210.46,1,-1,-1,-1
131,122,1075.63,518.01,253.48,228.69,1,-1,-1,-1
132,188,149.10,57.64,271.10,239.84,1,-1,-1,-1
132,187,-0.50,53.12,71.71,160.43,1,-1,-1,-1
132,186,948.32,47.82,180.80,205.45,1,-1,-1,-1
132,185,3.25,555.99,282.64,244.29,1,-1,-1,-1
132,184,463.01,48.16,219.44,200.07,1,-1,-1,-1
132,183,680.81,685.37,213.15,221.65,1,-1,-1,-1
132,182,1584.72,132.20,222.99,246.76,1,-1,-1,-1
132,172,1249.71,622.16,257.91,212.32,1,-1,-1,-1
132,170,1332.04,603.07,293.61,286.22,1,-1,-1,-1
133,191,-2.58,648.56,274.22,230.56,1,-1,-1,-1
133,190,1151.72,177.44,231.57,227.95,1,-1,-1,-1
133,189,329.59,768.30,179.07,167.58,1,-1,-1,-1
133,188,159.72,126.55,252.03,225.86,1,-1,-1,-1
133,186,950.32,124.91,184.05,216.03,1,-1,-1,-1
133,184,466.72,122.50,214.25,204.61,1,-1,-1,-1
133,183,686.47,764.73,206.01,211.05,1,-1,-1,-1
133,182,1664.83,609.94,229.32,228.40,1,-1,-1,-1
133,173,169.76,172.35,230.45,203.74,1,-1,-1,-1
133,172,1109.00,705.15,252.05,218.81,1,-1,-1,-1
133,170,1333.17,686.60,289.64,287.78,1,-1,-1,-1
133,126,1559.13,212.68,183.93,201.52,1,-1,-1,-1
134,190,1146.09,244.89,236.04,234.46,1,-1,-1,-1
134,189,350.77,856.36,173.70,159.49,1,-1,-1,-1
134,188,419.45,198.06,235.08,212.84,1,-1,-1,-1
134,187,199.23,178.88,187.40,274.64,1,-1,-1,-1
134,186,948.77,204.20,187.79,226.51,1,-1,-1,-1
134,183,417.07,798.45,209.76,222.83,1,-1,-1,-1
134,182,1679.06,798.42,237.07,220.08,1,-1,-1,-1
134,172,1412.65,455.56,233.59,226.14,1,-1,-1,-1
134,170,1331.32,762.12,292.07,292.59,1,-1,-1,-1
134,128,665.80,795.81,213.32,218.58,1,-1,-1,-1
134,122,1562.23,732.40,256.75,221.44,1,-1,-1,-1
134,110,988.46,740.18,230.00,207.19,1,-1,-1,-1
135,190,1151.83,383.08,230.50,210.65,1,-1,-1,-1
135,188,490.29,336.66,227.87,205.36,1,-1,-1,-1
135,186,950.29,338.09,188.46,232.43,1,-1,-1,-1
135,182,1680.16,953.85,237.59,188.46,1,-1,-1,-1
135,173,184.94,292.96,222.78,190.56,1,-1,-1,-1
135,172,1367.63,768.50,250.67,209.63,1,-1,-1,-1
135,170,1156.21,870.75,274.19,253.77,1,-1,-1,-1
135,128,690.94,916.14,217.92,171.61,1,-1,-1,-1
136,190,1158.51,466.81,218.94,186.57,1,-1,-1,-1
136,187,1006.04,876.07,160.12,187.07,1,-1,-1,-1
136,186,947.99,426.34,193.10,242.15,1,-1,-1,-1
136,185,18.12,962.57,144.12,126.34,1,-1,-1,-1
136,184,454.26,416.52,243.63,220.88,1,-1,-1,-1
136,173,183.30,385.15,230.22,204.66,1,-1,-1,-1
136,170,1087.07,947.49,257.89,202.20,1,-1,-1,-1
136,126,1387.72,14.26,193.24,174.45,1,-1,-1,-1
136,122,1604.65,564.61,223.22,224.35,1,-1,-1,-1
137,190,1158.81,550.14,214.94,174.51,1,-1,-1,-1
137,188,704.50,59.21,146.82,106.27,1,-1,-1,-1
137,186,949.51,504.79,192.33,242.61,1,-1,-1,-1
137,184,451.86,499.15,251.39,224.15,1,-1,-1,-1
137,126,1351.39,-2.14,210.52,186.86,1,-1,-1,-1
137,122,1611.58,579.78,211.32,235.32,1,-1,-1,-1
138,200,946.37,13.93,264.27,137.01,1,-1,-1,-1
138,199,183.16,586.93,236.59,230.79,1,-1,-1,-1
138,198,167.47,-3.28,157.25,98.25,1,-1,-1,-1
138,197,390.50,32.55,325.61,162.87,1,-1,-1,-1
138,190,1160.82,637.99,207.95,165.03,1,-1,-1,-1
138,188,748.49,21.96,146.90,109.93,1,-1,-1,-1
138,186,951.38,583.76,191.37,244.46,1,-1,-1,-1
138,184,453.51,580.47,252.27,216.93,1,-1,-1,-1
138,126,1336.25,27.20,224.65,205.86,1,-1,-1,-1
138,122,1615.14,631.57,209.42,245.15,1,-1,-1,-1
139,201,1706.23,70.58,205.51,233.03,1,-1,-1,-1
139,200,670.01,18.61,278.03,173.63,1,-1,-1,-1
139,199,182.46,664.94,241.91,232.87,1,-1,-1,-1
139,197,402.51,90.98,304.74,188.05,1,-1,-1,-1
139,195,-8.67,665.11,112.29,140.91,1,-1,-1,-1
139,190,1467.48,747.83,209.10,187.07,1,-1,-1,-1
139,188,364.64,10.47,161.73,122.48,1,-1,-1,-1
139,187,1067.32,217.34,178.78,181.52,1,-1,-1,-1
139,186,951.91,657.64,192.86,241.98,1,-1,-1,-1
139,184,452.86,657.61,254.80,212.34,1,-1,-1,-1
139,182,1809.00,761.27,142.86,160.20,1,-1,-1,-1
139,126,1334.05,84.12,230.60,214.15,1,-1,-1,-1
139,122,1329.46,658.50,215.25,229.22,1,-1,-1,-1
140,203,972.84,201.56,180.91,177.59,1,-1,-1,-1
140,202,-0.46,761.96,98.90,227.07,1,-1,-1,-1
140,201,1700.06,201.46,216.97,245.25,1,-1,-1,-1
140,200,412.52,204.81,288.06,208.31,1,-1,-1,-1
140,197,611.49,146.63,284.66,200.46,1,-1,-1,-1
140,190,1644.46,416.17,216.04,204.69,1,-1,-1,-1
140,187,1177.20,650.80,211.81,221.71,1,-1,-1,-1
140,186,953.37,783.87,192.80,246.31,1,-1,-1,-1
140,184,449.05,786.08,258.80,214.00,1,-1,-1,-1
140,182,1822.99,834.61,119.67,163.80,1,-1,-1,-1
140,173,185.40,770.36,238.74,220.47,1,-1,-1,-1
140,170,1541.83,932.40,205.48,183.93,1,-1,-1,-1
140,126,1335.20,205.01,233.69,221.00,1,-1,-1,-1
140,122,1219.68,772.18,219.87,237.09,1,-1,-1,-1
141,205,58.32,102.41,271.15,273.90,1,-1,-1,-1
141,203,990.99,312.90,158.54,147.67,1,-1,-1,-1
141,201,1696.04,290.17,222.18,253.06,1,-1,-1,-1
141,197,674.57,216.72,269.68,208.26,1,-1,-1,-1
141,190,1704.30,343.74,220.30,219.52,1,-1,-1,-1
141,188,436.52,259.76,199.88,165.90,1,-1,-1,-1
141,187,1215.56,835.55,216.39,213.65,1,-1,-1,-1
141,186,955.11,872.82,190.15,234.36,1,-1,-1,-1
141,184,445.91,878.24,259.29,213.33,1,-1,-1,-1
141,173,188.20,856.31,236.57,211.02,1,-1,-1,-1
141,126,1333.81,301.04,235.58,226.10,1,-1,-1,-1
141,122,1463.98,877.26,207.36,209.05,1,-1,-1,-1
142,202,0.98,902.99,94.27,198.30,1,-1,-1,-1
142,201,1693.48,363.66,224.06,252.68,1,-1,-1,-1
142,199,198.87,953.84,197.91,146.41,1,-1,-1,-1
142,197,695.94,290.54,258.80,215.35,1,-1,-1,-1
142,190,1721.77,361.43,222.46,227.58,1,-1,-1,-1
142,188,193.67,227.97,235.29,203.42,1,-1,-1,-1
142,186,955.30,938.19,185.59,201.44,1,-1,-1,-1
142,184,431.67,579.12,251.22,220.61,1,-1,-1,-1
142,173,175.55,926.09,206.34,178.91,1,-1,-1,-1
142,126,1333.11,387.38,237.91,232.71,1,-1,-1,-1
143,212,669.16,11.52,232.88,157.06,1,-1,-1,-1
143,211,993.82,483.80,153.57,129.77,1,-1,-1,-1
143,204,688.96,370.43,221.20,213.48,1,-1,-1,-1
143,197,901.90,412.58,227.84,199.65,1,-1,-1,-1
143,190,1722.73,418.30,225.39,232.63,1,-1,-1,-1
143,184,431.59,514.90,244.85,224.33,1,-1,-1,-1
143,126,1334.94,464.91,239.35,238.98,1,-1,-1,-1
144,212,652.67,45.18,252.64,194.65,1,-1,-1,-1
144,211,995.11,559.69,157.29,131.65,1,-1,-1,-1
144,208,1315.00,596.23,273.38,213.88,1,-1,-1,-1
144,207,983.66,515.97,204.71,179.10,1,-1,-1,-1
144,204,669.38,439.33,232.01,228.68,1,-1,-1,-1
144,201,1688.80,509.13,229.35,256.24,1,-1,-1,-1
144,197,981.32,526.55,203.76,175.52,1,-1,-1,-1
144,190,846.22,135.26,222.85,208.38,1,-1,-1,-1
144,184,428.56,542.79,241.59,228.14,1,-1,-1,-1
144,126,1334.10,547.67,239.57,240.92,1,-1,-1,-1
145,211,990.80,705.94,154.96,128.11,1,-1,-1,-1
145,208,1232.57,95.63,268.75,220.21,1,-1,-1,-1
145,207,744.65,604.85,223.28,206.91,1,-1,-1,-1
145,201,1688.49,640.98,230.29,258.48,1,-1,-1,-1
145,197,1005.06,648.31,197.71,177.30,1,-1,-1,-1
145,184,426.50,650.33,240.72,233.30,1,-1,-1,-1
145,126,1328.95,673.66,243.55,242.40,1,-1,-1,-1
146,222,353.16,150.70,256.42,245.31,1,-1,-1,-1
146,216,1457.31,16.80,199.08,182.13,1,-1,-1,-1
146,213,17.36,101.61,252.89,230.02,1,-1,-1,-1
146,211,966.57,354.43,193.18,167.58,1,-1,-1,-1
146,209,1161.87,115.71,229.32,220.31,1,-1,-1,-1
146,207,472.98,757.01,236.67,228.86,1,-1,-1,-1
146,205,62.01,579.37,261.40,235.43,1,-1,-1,-1
146,204,645.62,300.00,238.33,226.04,1,-1,-1,-1
146,201,1693.57,727.39,224.76,238.80,1,-1,-1,-1
146,197,815.42,706.14,215.86,196.60,1,-1,-1,-1
146,186,971.21,785.15,177.72,199.83,1,-1,-1,-1
146,126,1322.23,767.13,248.14,247.82,1,-1,-1,-1
147,217,1460.11,93.42,172.99,170.66,1,-1,-1,-1
147,215,39.87,669.28,301.16,209.17,1,-1,-1,-1
147,212,353.25,235.88,274.86,232.89,1,-1,-1,-1
147,211,964.08,295.33,199.58,169.88,1,-1,-1,-1
147,204,644.86,325.31,237.27,221.21,1,-1,-1,-1
147,201,1700.19,802.37,218.80,217.65,1,-1,-1,-1
147,197,743.87,775.22,222.45,203.50,1,-1,-1,-1
147,188,1077.94,207.42,235.63,213.04,1,-1,-1,-1
147,186,976.91,811.56,171.08,195.62,1,-1,-1,-1
147,184,424.55,816.01,241.88,241.48,1,-1,-1,-1
147,173,41.56,275.47,228.96,202.08,1,-1,-1,-1
147,126,1319.86,843.38,251.26,238.63,1,-1,-1,-1
148,223,1707.68,884.73,203.38,209.56,1,-1,-1,-1
148,214,650.57,427.33,243.48,199.93,1,-1,-1,-1
148,212,109.68,625.02,275.47,231.38,1,-1,-1,-1
148,211,959.24,329.19,205.91,178.03,1,-1,-1,-1
148,207,1007.24,373.64,192.91,205.07,1,-1,-1,-1
148,204,434.67,303.08,246.11,232.98,1,-1,-1,-1
148,201,1514.47,274.83,199.50,175.14,1,-1,-1,-1
148,197,710.55,849.27,229.12,207.25,1,-1,-1,-1
148,190,1361.47,150.41,200.58,192.33,1,-1,-1,-1
148,188,1161.57,256.79,232.49,204.27,1,-1,-1,-1
148,186,976.57,872.39,167.08,192.60,1,-1,-1,-1
148,184,431.02,885.47,236.46,219.34,1,-1,-1,-1
148,173,28.63,256.19,238.33,207.33,1,-1,-1,-1
148,126,1330.75,906.94,245.41,210.36,1,-1,-1,-1
149,223,1715.49,945.40,186.73,153.34,1,-1,-1,-1
149,222,366.05,375.12,239.86,232.50,1,-1,-1,-1
149,214,643.11,502.24,240.39,202.50,1,-1,-1,-1
149,212,34.40,795.45,276.79,233.55,1,-1,-1,-1
149,207,1140.96,344.11,207.37,207.10,1,-1,-1,-1
149,205,860.11,486.19,210.05,193.08,1,-1,-1,-1
149,204,366.43,349.00,246.97,236.42,1,-1,-1,-1
149,197,704.73,907.53,228.75,200.27,1,-1,-1,-1
149,190,1430.40,210.85,192.08,186.03,1,-1,-1,-1
149,188,1373.36,84.70,223.62,186.04,1,-1,-1,-1
149,173,19.53,293.71,246.97,212.64,1,-1,-1,-1
150,224,578.15,10.28,290.28,160.49,1,-1,-1,-1
150,223,823.33,699.90,216.36,188.25,1,-1,-1,-1
150,222,316.12,96.44,200.34,144.56,1,-1,-1,-1
150,221,920.96,-0.94,260.21,202.40,1,-1,-1,-1
150,214,1209.88,439.79,216.87,196.34,1,-1,-1,-1
150,207,1179.99,432.46,223.33,222.00,1,-1,-1,-1
150,205,967.08,571.78,200.22,188.42,1,-1,-1,-1
150,204,343.04,467.98,247.84,229.64,1,-1,-1,-1
150,190,1449.39,117.76,199.71,195.70,1,-1,-1,-1
150,188,1264.80,30.57,249.22,198.39,1,-1,-1,-1
150,173,16.76,413.04,251.44,215.40,1,-1,-1,-1
