1,9,1198.68,61.31,124.27,138.49,1,-1,-1,-1
1,8,1551.17,326.65,156.34,172.93,1,-1,-1,-1
1,7,1643.48,788.88,182.20,149.65,1,-1,-1,-1
1,6,374.59,0.00,208.65,125.40,1,-1,-1,-1
1,5,860.22,296.28,192.43,182.60,1,-1,-1,-1
1,4,1284.64,348.29,155.31,145.97,1,-1,-1,-1
1,3,614.91,121.66,219.50,191.07,1,-1,-1,-1
1,2,1322.58,521.06,261.13,212.66,1,-1,-1,-1
1,1,1124.56,455.20,224.73,186.66,1,-1,-1,-1
2,8,1539.24,330.60,175.06,189.24,1,-1,-1,-1
2,7,1666.76,795.38,165.04,139.79,1,-1,-1,-1
2,6,374.24,3.15,218.86,143.44,1,-1,-1,-1
2,5,867.06,299.82,191.65,185.93,1,-1,-1,-1
2,4,1287.33,348.24,154.31,149.46,1,-1,-1,-1
2,3,611.05,124.03,223.03,189.03,1,-1,-1,-1
2,2,1325.97,525.87,257.00,209.27,1,-1,-1,-1
2,1,1125.73,459.05,221.28,189.35,1,-1,-1,-1
3,8,1550.02,325.99,177.23,193.61,1,-1,-1,-1
3,7,1652.52,800.13,177.87,149.68,1,-1,-1,-1
3,6,377.00,2.89,216.88,149.44,1,-1,-1,-1
3,5,874.50,302.72,183.76,180.13,1,-1,-1,-1
3,4,1286.52,352.40,155.67,155.45,1,-1,-1,-1
3,3,620.08,135.39,210.59,182.03,1,-1,-1,-1
3,2,1337.65,533.78,238.84,202.85,1,-1,-1,-1
3,1,1136.30,462.75,200.72,179.45,1,-1,-1,-1
4,9,1202.30,87.69,120.09,137.62,1,-1,-1,-1
4,8,1558.59,329.62,173.74,185.17,1,-1,-1,-1
4,7,1666.06,807.37,167.22,145.42,1,-1,-1,-1
4,6,378.24,2.52,215.37,153.71,1,-1,-1,-1
4,5,880.99,307.24,179.25,179.03,1,-1,-1,-1
4,4,1296.80,359.44,146.58,146.28,1,-1,-1,-1
4,3,632.84,142.66,196.43,168.71,1,-1,-1,-1
4,2,1339.10,538.15,235.37,202.87,1,-1,-1,-1
4,1,1143.96,466.15,198.73,180.44,1,-1,-1,-1
5,9,1207.81,91.58,116.56,140.75,1,-1,-1,-1
5,8,1561.24,344.46,154.55,176.94,1,-1,-1,-1
5,7,1644.64,809.98,186.73,159.06,1,-1,-1,-1
5,6,389.65,1.80,204.00,151.18,1,-1,-1,-1
5,5,888.59,317.51,175.71,177.29,1,-1,-1,-1
5,4,1297.81,366.08,145.20,144.86,1,-1,-1,-1
5,3,639.66,151.41,190.94,166.73,1,-1,-1,-1
5,2,1346.73,546.99,226.31,199.19,1,-1,-1,-1
5,1,1151.05,476.13,193.48,179.09,1,-1,-1,-1
6,10,1637.30,800.51,191.83,173.85,1,-1,-1,-1
6,9,1215.52,97.67,111.92,138.53,1,-1,-1,-1
6,8,1553.23,352.59,152.80,180.67,1,-1,-1,-1
6,7,1663.63,814.72,174.89,153.04,1,-1,-1,-1
6,6,396.24,1.73,196.76,150.23,1,-1,-1,-1
6,5,898.77,323.21,168.08,173.25,1,-1,-1,-1
6,4,1307.57,373.31,138.52,140.85,1,-1,-1,-1
6,3,644.72,156.42,187.80,165.45,1,-1,-1,-1
6,2,1356.02,550.48,218.73,196.50,1,-1,-1,-1
6,1,1155.47,482.22,191.29,177.31,1,-1,-1,-1
7,11,227.01,-5.26,109.88,58.57,1,-1,-1,-1
7,10,1565.16,384.30,152.31,153.27,1,-1,-1,-1
7,8,1552.30,359.35,147.66,180.76,1,-1,-1,-1
7,7,1679.00,822.58,161.02,144.45,1,-1,-1,-1
7,6,401.18,2.85,193.28,152.60,1,-1,-1,-1
7,5,900.80,324.00,166.57,173.83,1,-1,-1,-1
7,4,1312.46,376.95,135.35,138.86,1,-1,-1,-1
7,3,647.87,157.27,190.71,169.74,1,-1,-1,-1
7,2,1362.72,554.48,215.19,194.52,1,-1,-1,-1
7,1,1155.42,487.80,193.07,184.73,1,-1,-1,-1
8,10,1616.58,692.85,179.81,165.26,1,-1,-1,-1
8,9,1222.73,107.10,110.10,140.93,1,-1,-1,-1
8,8,1554.32,365.07,145.53,179.70,1,-1,-1,-1
8,7,1682.09,826.67,158.54,146.20,1,-1,-1,-1
8,6,405.15,2.60,190.77,154.16,1,-1,-1,-1
8,5,904.52,327.88,164.45,173.57,1,-1,-1,-1
8,4,1315.90,381.69,133.70,136.15,1,-1,-1,-1
8,3,657.31,159.06,185.03,165.80,1,-1,-1,-1
8,2,1364.60,557.65,220.05,196.40,1,-1,-1,-1
8,1,1156.18,488.16,193.26,184.71,1,-1,-1,-1
9,12,212.34,0.10,141.11,50.63,1,-1,-1,-1
9,10,1634.54,788.43,189.82,164.52,1,-1,-1,-1
9,9,1230.21,109.31,106.89,142.63,1,-1,-1,-1
9,8,1558.62,369.90,143.34,177.24,1,-1,-1,-1
9,7,1688.93,828.95,154.10,144.46,1,-1,-1,-1
9,6,411.69,2.06,186.80,154.35,1,-1,-1,-1
9,5,900.94,329.99,167.15,175.17,1,-1,-1,-1
9,4,1317.80,386.38,134.32,136.40,1,-1,-1,-1
9,3,665.16,161.18,179.25,161.66,1,-1,-1,-1
9,2,1369.35,558.47,220.96,199.07,1,-1,-1,-1
9,1,1165.69,490.28,192.51,186.75,1,-1,-1,-1
10,13,1593.07,371.50,138.92,153.09,1,-1,-1,-1
10,12,218.64,0.74,138.69,51.59,1,-1,-1,-1
10,9,1233.89,111.89,107.13,142.99,1,-1,-1,-1
10,8,1566.91,373.05,141.88,176.08,1,-1,-1,-1
10,7,1695.80,832.07,152.77,143.83,1,-1,-1,-1
10,6,416.65,9.00,187.24,158.80,1,-1,-1,-1
10,5,904.13,335.98,167.78,177.40,1,-1,-1,-1
10,4,1320.96,391.40,135.46,138.30,1,-1,-1,-1
10,3,669.16,169.15,175.23,158.26,1,-1,-1,-1
10,2,1376.75,564.59,218.17,198.33,1,-1,-1,-1
10,1,1174.06,494.74,192.18,188.25,1,-1,-1,-1
11,15,1174.65,523.23,157.80,158.99,1,-1,-1,-1
11,14,1244.65,109.68,105.16,117.48,1,-1,-1,-1
11,13,1584.70,373.69,147.82,163.39,1,-1,-1,-1
11,12,222.49,0.46,137.48,51.68,1,-1,-1,-1
11,7,1687.25,833.31,163.91,150.70,1,-1,-1,-1
11,6,420.09,11.24,186.22,161.67,1,-1,-1,-1
11,5,909.55,341.86,164.62,176.33,1,-1,-1,-1
11,4,1322.04,395.47,136.72,139.11,1,-1,-1,-1
11,3,671.95,173.48,175.16,159.16,1,-1,-1,-1
11,2,1381.21,570.03,216.87,196.18,1,-1,-1,-1
11,1,1176.31,496.62,193.71,189.22,1,-1,-1,-1
12,15,1180.64,529.19,153.21,157.93,1,-1,-1,-1
12,14,1243.40,108.46,108.22,126.01,1,-1,-1,-1
12,13,1587.02,375.12,141.93,163.89,1,-1,-1,-1
12,12,227.08,0.69,140.12,53.44,1,-1,-1,-1
12,8,1586.64,374.85,134.76,168.57,1,-1,-1,-1
12,7,1685.65,832.01,169.73,154.96,1,-1,-1,-1
12,6,425.51,11.64,183.86,164.32,1,-1,-1,-1
12,5,914.76,345.65,163.41,175.88,1,-1,-1,-1
12,4,1327.05,396.57,137.68,139.29,1,-1,-1,-1
12,3,672.74,173.78,177.21,159.81,1,-1,-1,-1
12,2,1385.94,574.37,214.50,194.31,1,-1,-1,-1
12,1,1182.08,500.67,191.49,187.30,1,-1,-1,-1
13,16,1718.49,835.10,142.08,151.56,1,-1,-1,-1
13,15,1187.16,505.23,176.44,180.54,1,-1,-1,-1
13,14,1241.43,110.57,109.05,127.56,1,-1,-1,-1
13,13,1592.53,375.44,140.67,162.63,1,-1,-1,-1
13,12,230.79,0.83,139.37,54.42,1,-1,-1,-1
13,10,1661.77,826.99,193.95,167.83,1,-1,-1,-1
13,9,1243.56,110.84,104.72,133.32,1,-1,-1,-1
13,8,1579.45,380.24,143.18,177.19,1,-1,-1,-1
13,7,1381.02,349.44,148.93,144.86,1,-1,-1,-1
13,6,428.59,8.59,183.68,166.07,1,-1,-1,-1
13,5,926.53,346.88,161.25,172.44,1,-1,-1,-1
13,4,1336.10,397.29,135.43,138.81,1,-1,-1,-1
13,3,675.16,175.44,180.05,162.37,1,-1,-1,-1
13,2,1389.16,577.01,212.45,192.53,1,-1,-1,-1
13,1,1184.83,501.21,189.17,186.52,1,-1,-1,-1
14,14,1243.77,112.48,110.31,134.21,1,-1,-1,-1
14,12,235.43,1.96,139.03,57.21,1,-1,-1,-1
14,10,1692.51,836.10,175.35,160.91,1,-1,-1,-1
14,9,1542.13,607.50,143.78,155.01,1,-1,-1,-1
14,8,1579.61,379.32,143.67,181.05,1,-1,-1,-1
14,6,432.66,11.10,182.62,164.50,1,-1,-1,-1
14,5,930.11,347.87,162.67,173.75,1,-1,-1,-1
14,4,1339.45,400.50,133.37,139.72,1,-1,-1,-1
14,3,689.01,177.62,173.95,158.31,1,-1,-1,-1
14,2,1392.48,578.55,211.26,191.37,1,-1,-1,-1
14,1,1188.70,503.67,187.60,185.15,1,-1,-1,-1
15,16,1692.75,832.30,173.91,165.42,1,-1,-1,-1
15,15,968.52,353.25,160.87,154.70,1,-1,-1,-1
15,14,1245.97,118.65,109.93,138.54,1,-1,-1,-1
15,12,240.99,1.65,139.62,59.10,1,-1,-1,-1
15,9,1457.40,643.64,148.74,148.33,1,-1,-1,-1
15,8,1579.11,382.22,149.04,183.57,1,-1,-1,-1
15,6,440.34,16.41,184.91,162.93,1,-1,-1,-1
15,5,931.95,348.40,166.33,175.33,1,-1,-1,-1
15,4,1341.91,402.75,135.38,140.90,1,-1,-1,-1
15,3,695.73,180.02,172.95,155.62,1,-1,-1,-1
15,2,1393.08,576.30,216.75,194.46,1,-1,-1,-1
15,1,1190.48,506.76,188.34,182.99,1,-1,-1,-1
16,16,1694.54,831.89,177.99,163.56,1,-1,-1,-1
16,14,1251.01,122.37,110.72,142.25,1,-1,-1,-1
16,12,241.81,0.94,141.31,60.21,1,-1,-1,-1
16,8,1582.39,380.77,158.49,187.66,1,-1,-1,-1
16,6,443.53,15.56,187.91,165.28,1,-1,-1,-1
16,5,936.24,350.58,165.94,174.88,1,-1,-1,-1
16,4,1344.44,402.08,138.59,141.91,1,-1,-1,-1
16,3,692.53,187.96,177.61,160.26,1,-1,-1,-1
16,2,1395.34,576.18,219.58,196.12,1,-1,-1,-1
16,1,1192.35,507.40,190.03,181.89,1,-1,-1,-1
17,17,700.16,186.95,170.03,138.49,1,-1,-1,-1
17,14,1258.60,113.58,109.77,126.36,1,-1,-1,-1
17,12,251.23,0.35,140.82,60.39,1,-1,-1,-1
17,8,1583.66,380.56,163.09,186.73,1,-1,-1,-1
17,7,1249.19,123.99,126.30,127.91,1,-1,-1,-1
17,6,448.43,14.38,187.75,165.48,1,-1,-1,-1
17,5,937.49,350.74,163.92,174.82,1,-1,-1,-1
17,4,1344.42,400.46,140.24,142.36,1,-1,-1,-1
17,3,687.87,188.93,181.85,164.24,1,-1,-1,-1
17,2,1396.65,575.17,219.47,196.93,1,-1,-1,-1
17,1,1195.36,507.41,192.34,181.68,1,-1,-1,-1
18,17,703.97,183.59,176.67,147.32,1,-1,-1,-1
18,14,871.65,156.09,153.27,161.73,1,-1,-1,-1
18,12,257.48,0.56,141.07,61.42,1,-1,-1,-1
18,10,1725.56,843.68,164.36,156.12,1,-1,-1,-1
18,8,1584.12,381.68,165.12,186.81,1,-1,-1,-1
18,6,452.42,13.85,188.18,167.59,1,-1,-1,-1
18,5,946.12,348.81,163.80,176.02,1,-1,-1,-1
18,4,1350.38,401.52,138.98,139.16,1,-1,-1,-1
18,3,700.11,183.72,178.15,159.10,1,-1,-1,-1
18,2,1400.42,577.42,217.34,195.94,1,-1,-1,-1
18,1,1198.43,506.80,192.63,182.02,1,-1,-1,-1
19,18,1618.58,380.50,150.61,158.82,1,-1,-1,-1
19,16,1725.42,832.67,163.84,159.49,1,-1,-1,-1
19,12,262.70,0.95,140.19,62.78,1,-1,-1,-1
19,8,1584.70,381.58,165.88,187.41,1,-1,-1,-1
19,6,459.75,15.97,184.15,168.66,1,-1,-1,-1
19,5,951.36,345.99,165.39,177.98,1,-1,-1,-1
19,4,1358.63,399.60,136.09,137.76,1,-1,-1,-1
19,3,699.88,182.93,183.48,160.68,1,-1,-1,-1
19,2,1404.78,575.88,219.97,196.72,1,-1,-1,-1
19,1,1201.55,506.42,189.62,181.69,1,-1,-1,-1
20,19,1272.40,113.80,114.31,142.69,1,-1,-1,-1
20,18,1308.03,119.05,128.90,145.02,1,-1,-1,-1
20,17,708.87,179.18,187.97,155.93,1,-1,-1,-1
20,16,1701.49,822.66,186.61,163.88,1,-1,-1,-1
20,14,722.47,173.55,173.29,167.62,1,-1,-1,-1
20,12,271.89,-0.21,137.40,61.76,1,-1,-1,-1
20,10,1738.86,835.13,158.01,151.98,1,-1,-1,-1
20,9,1683.13,830.25,187.75,161.35,1,-1,-1,-1
20,8,1586.15,379.91,166.79,190.76,1,-1,-1,-1
20,7,1261.97,86.01,108.47,108.99,1,-1,-1,-1
20,6,467.61,12.76,184.32,167.12,1,-1,-1,-1
20,5,951.02,345.38,169.82,177.92,1,-1,-1,-1
20,4,1362.48,397.47,138.58,138.53,1,-1,-1,-1
20,2,1412.41,570.92,226.35,196.98,1,-1,-1,-1
20,1,1212.38,505.62,190.72,181.59,1,-1,-1,-1
21,20,1218.66,500.30,197.30,185.18,1,-1,-1,-1
21,19,1275.06,103.82,114.93,145.59,1,-1,-1,-1
21,14,869.90,285.57,166.11,156.97,1,-1,-1,-1
21,12,279.62,-0.52,136.70,61.10,1,-1,-1,-1
21,8,1593.71,373.54,167.79,193.53,1,-1,-1,-1
21,6,473.56,10.81,182.19,167.60,1,-1,-1,-1
21,5,959.02,345.40,167.26,176.89,1,-1,-1,-1
21,4,1364.99,396.01,139.95,140.72,1,-1,-1,-1
21,3,714.96,176.22,181.28,160.72,1,-1,-1,-1
21,2,1418.52,569.54,226.67,197.91,1,-1,-1,-1
22,20,1221.06,516.53,167.00,163.62,1,-1,-1,-1
22,19,1279.20,106.05,112.93,141.37,1,-1,-1,-1
22,16,1704.34,821.75,196.31,161.07,1,-1,-1,-1
22,14,927.41,325.42,165.87,152.17,1,-1,-1,-1
22,12,286.31,-0.71,136.78,60.36,1,-1,-1,-1
22,8,1603.20,369.18,172.65,195.09,1,-1,-1,-1
22,6,479.37,8.08,182.08,166.94,1,-1,-1,-1
22,5,968.81,342.19,167.53,178.96,1,-1,-1,-1
22,4,1370.31,394.30,139.59,138.83,1,-1,-1,-1
22,3,723.95,173.04,181.90,160.48,1,-1,-1,-1
22,2,1424.56,567.00,224.40,198.53,1,-1,-1,-1
22,1,1224.64,498.09,191.64,185.23,1,-1,-1,-1
23,22,1601.67,410.85,145.72,149.38,1,-1,-1,-1
23,21,1756.77,827.31,152.81,149.32,1,-1,-1,-1
23,20,1399.37,586.10,158.39,160.75,1,-1,-1,-1
23,19,1288.65,105.77,108.57,136.71,1,-1,-1,-1
23,12,291.55,-1.54,132.87,58.06,1,-1,-1,-1
23,8,1601.55,369.81,169.41,195.12,1,-1,-1,-1
23,6,487.05,8.65,178.99,166.35,1,-1,-1,-1
23,5,975.72,336.85,165.31,180.38,1,-1,-1,-1
23,4,1380.65,391.34,138.13,139.26,1,-1,-1,-1
23,3,727.87,171.65,183.05,162.24,1,-1,-1,-1
23,2,1430.52,563.97,220.40,199.88,1,-1,-1,-1
23,1,1230.50,493.44,190.14,188.98,1,-1,-1,-1
24,22,1608.58,375.63,163.43,177.95,1,-1,-1,-1
24,21,1765.80,824.18,147.37,142.91,1,-1,-1,-1
24,20,1455.14,569.17,195.67,191.64,1,-1,-1,-1
24,19,1292.27,101.94,107.13,128.98,1,-1,-1,-1
24,14,1566.11,721.68,162.01,150.75,1,-1,-1,-1
24,12,292.69,-1.54,130.64,56.30,1,-1,-1,-1
24,10,1737.28,822.24,170.06,155.21,1,-1,-1,-1
24,8,1608.75,366.07,167.60,195.54,1,-1,-1,-1
24,6,494.95,9.73,177.85,166.67,1,-1,-1,-1
24,5,975.74,333.25,165.59,178.96,1,-1,-1,-1
24,4,1386.39,388.71,136.70,140.09,1,-1,-1,-1
24,3,732.21,171.62,183.47,167.99,1,-1,-1,-1
24,2,1437.61,557.72,221.09,200.40,1,-1,-1,-1
24,1,1235.63,489.78,188.35,189.32,1,-1,-1,-1
25,22,1621.32,364.00,158.11,178.81,1,-1,-1,-1
25,21,1462.22,464.84,145.12,143.55,1,-1,-1,-1
25,20,1316.95,524.28,180.19,177.95,1,-1,-1,-1
25,19,1299.12,103.31,107.41,131.93,1,-1,-1,-1
25,16,1749.00,815.28,176.55,154.80,1,-1,-1,-1
25,14,1692.11,799.36,173.80,159.11,1,-1,-1,-1
25,12,308.79,-1.73,125.72,54.12,1,-1,-1,-1
25,9,435.98,79.40,167.83,97.01,1,-1,-1,-1
25,8,1618.40,361.25,162.33,192.03,1,-1,-1,-1
25,6,501.85,3.16,177.57,166.10,1,-1,-1,-1
25,5,981.65,326.25,165.25,177.96,1,-1,-1,-1
25,4,1391.42,383.73,138.43,142.10,1,-1,-1,-1
25,3,734.85,163.08,184.56,171.49,1,-1,-1,-1
25,2,1443.72,550.85,220.49,200.27,1,-1,-1,-1
25,1,1243.95,482.70,188.64,187.32,1,-1,-1,-1
26,21,1585.22,345.84,152.35,156.47,1,-1,-1,-1
26,19,1309.32,94.73,107.76,123.39,1,-1,-1,-1
26,8,1627.54,354.16,164.18,193.52,1,-1,-1,-1
26,6,510.32,-0.77,177.43,163.17,1,-1,-1,-1
26,5,990.00,320.50,166.89,178.95,1,-1,-1,-1
26,4,1395.98,377.40,139.96,142.64,1,-1,-1,-1
26,3,743.22,156.65,185.77,170.55,1,-1,-1,-1
26,2,1446.52,545.70,220.82,202.09,1,-1,-1,-1
26,1,1246.20,478.78,187.47,184.16,1,-1,-1,-1
27,23,1746.96,797.18,171.11,167.74,1,-1,-1,-1
27,22,1630.70,345.73,172.67,194.04,1,-1,-1,-1
27,21,1631.76,311.22,155.47,161.68,1,-1,-1,-1
27,20,1261.33,500.58,167.65,169.56,1,-1,-1,-1
27,19,1303.77,88.80,117.59,130.43,1,-1,-1,-1
27,16,1681.53,449.31,169.19,159.21,1,-1,-1,-1
27,14,1366.38,592.27,170.43,163.64,1,-1,-1,-1
27,12,1321.02,318.03,160.36,85.22,1,-1,-1,-1
27,10,1746.91,805.79,172.83,159.62,1,-1,-1,-1
27,9,1068.15,80.73,157.36,110.52,1,-1,-1,-1
27,8,1632.11,348.90,168.10,194.91,1,-1,-1,-1
27,6,513.26,-3.22,178.91,158.52,1,-1,-1,-1
27,5,990.12,314.77,171.37,180.64,1,-1,-1,-1
27,4,1397.76,371.62,142.28,143.13,1,-1,-1,-1
27,3,744.36,152.06,190.31,172.82,1,-1,-1,-1
27,2,1445.93,540.70,228.41,201.61,1,-1,-1,-1
27,1,1247.73,473.71,191.10,184.74,1,-1,-1,-1
28,23,1764.99,796.37,157.00,153.45,1,-1,-1,-1
28,22,1630.73,339.48,173.53,198.82,1,-1,-1,-1
28,21,1647.40,306.19,152.84,165.65,1,-1,-1,-1
28,20,1254.68,495.26,159.35,162.38,1,-1,-1,-1
28,14,1291.44,536.04,165.31,162.38,1,-1,-1,-1
28,12,1553.73,387.86,164.67,102.58,1,-1,-1,-1
28,10,1760.84,800.28,163.88,154.04,1,-1,-1,-1
28,9,1217.72,79.22,144.03,110.63,1,-1,-1,-1
28,8,1632.55,343.57,168.58,197.20,1,-1,-1,-1
28,6,518.85,-4.04,177.16,154.12,1,-1,-1,-1
28,5,992.61,307.23,172.15,179.68,1,-1,-1,-1
28,4,1402.48,363.86,141.81,144.07,1,-1,-1,-1
28,3,751.29,147.49,191.19,173.68,1,-1,-1,-1
28,2,1451.13,536.30,228.03,200.96,1,-1,-1,-1
28,1,1249.32,469.16,188.44,182.82,1,-1,-1,-1
29,20,1352.72,394.67,151.91,151.58,1,-1,-1,-1
29,19,1319.18,76.21,109.75,115.65,1,-1,-1,-1
29,12,1638.36,405.90,163.13,115.07,1,-1,-1,-1
29,10,1765.97,793.34,159.36,152.43,1,-1,-1,-1
29,8,1632.18,339.69,169.20,198.94,1,-1,-1,-1
29,6,520.61,-6.10,178.10,146.21,1,-1,-1,-1
29,5,994.03,302.07,175.11,179.34,1,-1,-1,-1
29,3,757.89,138.30,191.14,167.91,1,-1,-1,-1
29,2,1455.89,532.81,229.31,199.76,1,-1,-1,-1
29,1,1252.14,464.04,190.85,181.14,1,-1,-1,-1
30,24,1327.81,61.24,109.86,105.70,1,-1,-1,-1
30,22,1633.74,354.53,158.81,171.57,1,-1,-1,-1
30,20,1393.13,354.38,148.71,146.73,1,-1,-1,-1
30,19,1328.84,61.73,105.56,113.67,1,-1,-1,-1
30,10,1767.08,782.77,157.24,150.46,1,-1,-1,-1
30,8,1632.79,326.88,169.27,197.47,1,-1,-1,-1
30,6,530.32,-6.55,175.31,139.28,1,-1,-1,-1
30,5,1002.96,291.86,173.32,177.29,1,-1,-1,-1
30,4,1306.53,435.15,164.88,163.81,1,-1,-1,-1
30,3,764.11,124.48,188.94,169.35,1,-1,-1,-1
30,2,1459.31,521.90,233.70,202.10,1,-1,-1,-1
30,1,1260.83,453.76,193.93,184.06,1,-1,-1,-1
31,23,1781.21,775.54,142.01,144.46,1,-1,-1,-1
31,20,1415.44,333.72,142.71,143.16,1,-1,-1,-1
31,19,1327.20,58.62,108.42,111.72,1,-1,-1,-1
31,8,1638.57,321.86,166.39,196.12,1,-1,-1,-1
31,6,538.38,-5.90,171.93,133.72,1,-1,-1,-1
31,5,1014.04,283.19,168.84,172.56,1,-1,-1,-1
31,3,767.36,118.83,188.32,170.12,1,-1,-1,-1
31,2,1462.42,510.56,233.48,201.66,1,-1,-1,-1
31,1,1265.21,444.27,194.25,185.18,1,-1,-1,-1
32,20,1428.56,326.20,135.94,138.07,1,-1,-1,-1
32,19,1330.62,56.35,107.52,109.95,1,-1,-1,-1
32,10,1782.58,769.64,146.15,146.88,1,-1,-1,-1
32,8,1642.67,316.97,163.89,194.53,1,-1,-1,-1
32,6,540.48,-5.81,171.11,127.54,1,-1,-1,-1
32,5,1013.52,275.60,171.68,173.78,1,-1,-1,-1
32,3,769.41,111.42,188.91,172.69,1,-1,-1,-1
32,2,1468.32,502.53,227.69,199.51,1,-1,-1,-1
32,1,1269.96,436.78,192.96,183.44,1,-1,-1,-1
33,26,1035.81,265.95,156.42,146.56,1,-1,-1,-1
33,23,1404.95,165.24,117.43,125.34,1,-1,-1,-1
33,19,1336.71,56.22,106.48,112.58,1,-1,-1,-1
33,14,1415.49,348.05,150.19,156.51,1,-1,-1,-1
33,12,1728.29,344.03,163.00,136.01,1,-1,-1,-1
33,10,1777.56,757.89,146.34,148.04,1,-1,-1,-1
33,8,1644.72,307.11,166.80,196.30,1,-1,-1,-1
33,6,543.90,-5.51,170.04,121.82,1,-1,-1,-1
33,5,1018.26,265.28,174.54,178.71,1,-1,-1,-1
33,3,769.87,101.47,194.02,178.68,1,-1,-1,-1
33,2,1333.30,448.22,216.52,194.76,1,-1,-1,-1
33,1,1406.67,474.66,205.96,191.96,1,-1,-1,-1
34,26,1272.16,86.17,130.81,132.17,1,-1,-1,-1
34,10,1776.47,750.54,145.89,149.20,1,-1,-1,-1
34,8,1652.08,296.82,170.96,197.57,1,-1,-1,-1
34,6,553.17,-6.80,166.17,113.69,1,-1,-1,-1
34,5,1023.30,255.13,173.06,177.63,1,-1,-1,-1
34,3,774.13,93.84,193.99,179.47,1,-1,-1,-1
34,2,1287.76,425.83,207.85,190.07,1,-1,-1,-1
34,1,1416.82,360.40,186.50,178.38,1,-1,-1,-1
35,27,1478.83,471.09,232.40,201.71,1,-1,-1,-1
35,19,1114.89,203.09,124.60,124.43,1,-1,-1,-1
35,14,1314.52,412.16,158.66,155.88,1,-1,-1,-1
35,10,1785.39,737.09,139.84,149.81,1,-1,-1,-1
35,8,1654.84,287.37,170.16,197.43,1,-1,-1,-1
35,6,563.82,-8.61,162.50,102.67,1,-1,-1,-1
35,5,1020.84,243.21,176.19,179.39,1,-1,-1,-1
35,3,781.44,77.97,192.47,176.20,1,-1,-1,-1
35,2,1276.36,407.41,203.43,188.14,1,-1,-1,-1
35,1,1422.64,311.15,173.82,171.50,1,-1,-1,-1
36,27,1478.75,464.07,232.50,201.71,1,-1,-1,-1
36,10,1791.23,728.74,134.58,149.92,1,-1,-1,-1
36,8,1653.45,279.99,168.22,197.21,1,-1,-1,-1
36,6,575.96,-9.56,154.80,91.86,1,-1,-1,-1
36,5,1023.26,234.38,177.40,177.00,1,-1,-1,-1
36,3,780.82,67.24,195.51,179.23,1,-1,-1,-1
36,2,1275.05,394.55,201.41,190.64,1,-1,-1,-1
36,1,1429.41,290.27,164.89,161.67,1,-1,-1,-1
37,27,1479.87,460.16,234.62,198.79,1,-1,-1,-1
37,20,1493.68,473.05,157.23,151.59,1,-1,-1,-1
37,14,1292.24,413.37,164.35,162.30,1,-1,-1,-1
37,10,1783.67,716.98,137.21,152.90,1,-1,-1,-1
37,8,1659.21,269.33,167.98,198.05,1,-1,-1,-1
37,6,585.30,-9.47,146.73,81.59,1,-1,-1,-1
37,5,1024.64,226.10,179.08,177.34,1,-1,-1,-1
37,3,784.92,59.65,193.15,177.45,1,-1,-1,-1
37,2,1275.34,386.47,200.96,192.41,1,-1,-1,-1
37,1,1433.95,279.12,157.46,154.82,1,-1,-1,-1
38,29,1342.36,1.83,117.14,129.52,1,-1,-1,-1
38,28,1690.94,264.86,137.73,159.86,1,-1,-1,-1
38,10,1778.07,708.83,140.54,155.12,1,-1,-1,-1
38,8,1664.14,262.31,166.90,197.68,1,-1,-1,-1
38,6,599.81,-8.42,134.94,73.55,1,-1,-1,-1
38,5,1029.84,219.33,177.14,176.99,1,-1,-1,-1
38,3,780.95,57.34,198.33,183.24,1,-1,-1,-1
38,2,1276.41,380.99,198.12,185.61,1,-1,-1,-1
38,1,1440.35,270.18,150.80,150.14,1,-1,-1,-1
39,27,1479.01,442.40,239.48,204.70,1,-1,-1,-1
39,10,1779.88,701.79,140.13,154.45,1,-1,-1,-1
39,8,1665.73,254.17,167.34,199.72,1,-1,-1,-1
39,5,1030.12,209.68,179.55,177.99,1,-1,-1,-1
39,3,784.72,48.66,199.16,183.36,1,-1,-1,-1
39,2,1278.71,374.19,197.93,182.27,1,-1,-1,-1
39,1,1444.24,265.67,148.51,149.02,1,-1,-1,-1
40,28,1672.20,271.93,141.26,162.60,1,-1,-1,-1
40,27,1483.60,434.46,237.65,203.87,1,-1,-1,-1
40,20,1500.57,480.43,160.46,149.55,1,-1,-1,-1
40,19,1053.62,204.83,142.41,135.21,1,-1,-1,-1
40,10,1784.36,689.35,137.66,156.32,1,-1,-1,-1
40,5,1031.96,199.55,180.50,177.82,1,-1,-1,-1
40,3,789.41,40.27,198.77,184.06,1,-1,-1,-1
40,2,1282.14,362.46,195.77,182.36,1,-1,-1,-1
40,1,1446.52,253.99,145.12,146.71,1,-1,-1,-1
41,31,1670.55,236.20,170.89,192.87,1,-1,-1,-1
41,27,1484.91,425.99,238.76,203.91,1,-1,-1,-1
41,14,1294.77,385.98,166.57,158.58,1,-1,-1,-1
41,10,1788.31,681.45,134.63,155.15,1,-1,-1,-1
41,5,1035.84,191.53,179.29,177.73,1,-1,-1,-1
41,3,793.48,33.47,198.29,187.01,1,-1,-1,-1
41,2,1286.22,353.83,195.99,183.61,1,-1,-1,-1
41,1,1446.34,248.87,144.28,142.73,1,-1,-1,-1
42,31,1674.06,231.64,173.80,194.04,1,-1,-1,-1
42,30,1486.48,449.47,180.61,168.48,1,-1,-1,-1
42,27,1485.50,421.13,239.21,202.57,1,-1,-1,-1
42,19,1057.36,196.83,147.22,138.22,1,-1,-1,-1
42,10,1792.18,674.57,131.27,153.93,1,-1,-1,-1
42,5,1038.59,185.49,180.53,174.14,1,-1,-1,-1
42,3,800.51,21.25,195.19,184.18,1,-1,-1,-1
42,2,1288.93,347.59,196.68,186.34,1,-1,-1,-1
42,1,1449.06,244.30,142.26,140.35,1,-1,-1,-1
43,31,1676.52,226.81,174.29,195.40,1,-1,-1,-1
43,28,1707.27,232.18,155.88,175.28,1,-1,-1,-1
43,27,1488.84,414.47,235.16,199.03,1,-1,-1,-1
43,14,1297.45,366.10,179.38,171.92,1,-1,-1,-1
43,10,1793.94,665.67,129.16,157.38,1,-1,-1,-1
43,5,1043.44,179.67,178.16,174.99,1,-1,-1,-1
43,3,804.98,12.33,194.36,184.11,1,-1,-1,-1
43,1,1450.52,239.43,141.45,137.87,1,-1,-1,-1
45,38,1794.30,638.23,127.75,167.17,1,-1,-1,-1
45,35,1303.71,337.07,194.07,179.47,1,-1,-1,-1
45,33,814.59,1.27,195.07,188.16,1,-1,-1,-1
45,32,1061.44,161.46,165.16,171.69,1,-1,-1,-1
45,31,1679.83,209.81,162.58,190.78,1,-1,-1,-1
45,5,1056.39,161.78,173.31,173.87,1,-1,-1,-1
45,3,814.83,1.26,193.71,186.11,1,-1,-1,-1
45,1,1455.64,226.96,141.80,141.15,1,-1,-1,-1
46,39,1806.11,631.98,112.48,165.13,1,-1,-1,-1
46,38,1802.30,633.73,119.83,160.71,1,-1,-1,-1
46,35,1308.20,329.04,197.82,181.08,1,-1,-1,-1
46,34,1467.54,221.24,138.50,133.49,1,-1,-1,-1
46,33,814.52,-0.43,194.55,188.14,1,-1,-1,-1
46,28,1683.75,207.88,160.81,187.68,1,-1,-1,-1
46,10,1801.30,637.78,122.82,156.95,1,-1,-1,-1
46,5,1058.05,154.15,173.79,174.93,1,-1,-1,-1
46,3,816.02,-1.43,193.51,186.50,1,-1,-1,-1
46,2,1303.70,326.07,196.58,182.45,1,-1,-1,-1
46,1,1465.88,218.59,139.38,137.86,1,-1,-1,-1
47,39,1825.66,628.19,98.17,156.50,1,-1,-1,-1
47,34,1475.50,217.68,133.44,132.15,1,-1,-1,-1
47,31,1687.79,227.51,143.21,166.22,1,-1,-1,-1
47,28,1687.57,197.17,160.20,192.28,1,-1,-1,-1
47,27,1517.93,381.81,226.01,195.74,1,-1,-1,-1
47,10,1801.41,631.05,120.98,153.35,1,-1,-1,-1
47,5,1064.94,148.13,171.38,174.75,1,-1,-1,-1
47,3,817.92,-5.38,196.14,181.48,1,-1,-1,-1
47,2,1312.77,326.30,192.01,175.38,1,-1,-1,-1
47,1,1457.70,213.03,146.67,141.72,1,-1,-1,-1
48,32,1327.93,336.30,151.58,152.90,1,-1,-1,-1
48,31,1691.40,228.45,135.73,157.10,1,-1,-1,-1
48,28,1689.11,186.96,159.35,196.03,1,-1,-1,-1
48,27,1517.10,372.24,224.82,197.98,1,-1,-1,-1
48,14,1751.12,585.08,144.20,168.83,1,-1,-1,-1
48,5,1068.19,139.41,171.71,173.01,1,-1,-1,-1
48,3,817.37,-5.74,193.49,178.55,1,-1,-1,-1
48,2,1320.60,312.98,188.55,177.99,1,-1,-1,-1
48,1,1473.08,204.10,139.82,138.65,1,-1,-1,-1
49,43,1820.48,609.87,104.53,142.33,1,-1,-1,-1
49,36,1332.98,323.29,146.41,165.81,1,-1,-1,-1
49,34,1523.08,384.06,158.75,154.30,1,-1,-1,-1
49,33,839.31,-5.32,176.17,156.79,1,-1,-1,-1
49,31,1695.03,226.04,128.55,148.13,1,-1,-1,-1
49,28,1691.22,177.93,160.35,197.19,1,-1,-1,-1
49,27,1518.92,363.92,222.39,197.72,1,-1,-1,-1
49,5,1071.96,129.21,172.07,173.39,1,-1,-1,-1
49,3,1473.24,380.71,156.45,175.99,1,-1,-1,-1
49,2,1325.18,298.56,188.24,184.69,1,-1,-1,-1
49,1,1478.64,191.83,137.19,137.62,1,-1,-1,-1
50,38,1821.30,578.24,103.34,156.79,1,-1,-1,-1
50,35,1332.26,302.09,164.40,161.28,1,-1,-1,-1
50,33,842.62,-4.92,175.73,145.27,1,-1,-1,-1
50,31,1703.90,208.54,130.31,145.92,1,-1,-1,-1
50,28,1699.00,157.71,164.49,199.86,1,-1,-1,-1
50,5,1077.40,108.58,171.57,169.82,1,-1,-1,-1
50,2,1331.35,278.19,187.45,186.31,1,-1,-1,-1
50,1,1475.26,178.67,142.21,139.43,1,-1,-1,-1
51,38,1823.53,570.00,99.07,154.99,1,-1,-1,-1
51,35,1337.56,294.11,161.21,154.08,1,-1,-1,-1
51,33,838.43,-3.78,179.00,140.10,1,-1,-1,-1
51,31,1704.74,202.83,130.67,139.81,1,-1,-1,-1
51,28,1700.96,145.38,167.82,202.34,1,-1,-1,-1
51,27,1533.38,336.00,229.93,200.21,1,-1,-1,-1
51,5,1085.05,91.89,170.70,165.21,1,-1,-1,-1
51,2,1335.15,264.35,189.72,185.45,1,-1,-1,-1
51,1,1474.35,163.32,146.48,140.01,1,-1,-1,-1
52,39,1857.37,560.34,69.39,139.70,1,-1,-1,-1
52,38,1828.86,558.40,93.78,153.41,1,-1,-1,-1
52,35,1010.15,83.28,159.73,124.63,1,-1,-1,-1
52,34,1361.79,292.45,174.26,165.80,1,-1,-1,-1
52,33,839.31,-4.34,180.66,131.81,1,-1,-1,-1
52,28,1706.87,132.89,170.17,201.16,1,-1,-1,-1
52,5,1086.20,81.11,173.55,166.07,1,-1,-1,-1
52,2,1337.84,249.89,195.43,189.66,1,-1,-1,-1
52,1,1478.71,151.82,146.96,138.57,1,-1,-1,-1
53,48,1711.67,182.52,138.72,128.86,1,-1,-1,-1
53,45,1103.34,71.76,159.87,141.30,1,-1,-1,-1
53,44,1535.79,301.34,236.86,204.23,1,-1,-1,-1
53,38,1840.20,542.60,84.86,154.47,1,-1,-1,-1
53,35,1058.52,66.33,156.85,125.69,1,-1,-1,-1
53,34,1343.17,274.91,172.11,162.46,1,-1,-1,-1
53,33,841.66,-4.37,174.79,122.65,1,-1,-1,-1
53,28,1709.38,124.53,168.76,195.72,1,-1,-1,-1
53,5,1090.31,68.68,176.92,169.03,1,-1,-1,-1
53,2,1339.12,235.19,197.45,189.39,1,-1,-1,-1
53,1,1483.96,139.84,147.16,138.60,1,-1,-1,-1
54,51,850.66,-0.54,111.95,100.81,1,-1,-1,-1
54,50,846.09,-4.52,161.30,114.57,1,-1,-1,-1
54,49,1096.04,55.83,166.99,150.67,1,-1,-1,-1
54,48,1851.41,517.44,86.21,108.06,1,-1,-1,-1
54,47,1712.15,100.52,181.53,203.19,1,-1,-1,-1
54,46,1526.15,280.29,258.63,209.74,1,-1,-1,-1
54,45,1098.20,57.12,165.97,148.75,1,-1,-1,-1
54,44,1531.58,281.10,248.52,210.79,1,-1,-1,-1
54,39,1861.95,532.42,62.18,141.90,1,-1,-1,-1
54,38,1837.78,535.77,83.62,149.57,1,-1,-1,-1
54,34,1672.66,449.00,130.61,154.58,1,-1,-1,-1
54,33,843.62,-4.24,169.19,113.59,1,-1,-1,-1
54,28,1714.40,105.42,172.52,201.07,1,-1,-1,-1
54,27,1535.21,285.63,241.97,206.55,1,-1,-1,-1
54,5,1093.89,53.32,173.73,164.05,1,-1,-1,-1
54,2,1338.85,229.11,197.84,183.76,1,-1,-1,-1
54,1,1488.07,127.78,147.21,137.02,1,-1,-1,-1
55,49,1110.61,26.95,166.51,149.38,1,-1,-1,-1
55,47,1719.50,73.68,182.82,207.37,1,-1,-1,-1
55,46,1532.19,253.80,258.36,211.25,1,-1,-1,-1
55,45,1109.51,28.79,167.07,149.34,1,-1,-1,-1
55,44,1187.39,74.05,216.29,198.83,1,-1,-1,-1
55,35,1278.35,182.71,151.54,128.08,1,-1,-1,-1
55,34,1603.43,368.91,140.86,150.19,1,-1,-1,-1
55,33,850.68,-7.55,146.91,96.44,1,-1,-1,-1
55,31,1723.06,123.24,131.67,146.57,1,-1,-1,-1
55,28,1720.90,82.40,174.27,202.76,1,-1,-1,-1
55,27,1537.77,260.22,246.54,208.35,1,-1,-1,-1
55,5,1106.61,27.98,171.01,158.83,1,-1,-1,-1
55,2,1347.26,202.04,200.89,183.37,1,-1,-1,-1
55,1,1490.98,100.53,148.84,135.38,1,-1,-1,-1
56,33,868.39,-8.85,120.16,77.91,1,-1,-1,-1
56,28,1723.60,63.06,174.57,200.87,1,-1,-1,-1
56,27,1544.61,239.07,246.16,207.17,1,-1,-1,-1
56,5,1112.80,6.40,165.81,154.48,1,-1,-1,-1
56,2,1348.49,185.86,198.76,181.56,1,-1,-1,-1
56,1,1493.54,83.35,149.97,137.91,1,-1,-1,-1
57,47,1721.65,39.28,183.91,211.30,1,-1,-1,-1
57,46,1550.51,215.77,242.50,206.97,1,-1,-1,-1
57,35,1347.03,165.16,180.67,160.54,1,-1,-1,-1
57,34,1756.50,471.99,135.28,143.67,1,-1,-1,-1
57,28,1724.96,46.67,175.68,203.26,1,-1,-1,-1
57,27,1551.56,219.40,240.32,207.39,1,-1,-1,-1
57,5,1121.88,-5.07,163.83,149.80,1,-1,-1,-1
57,2,1351.86,177.94,189.51,176.33,1,-1,-1,-1
57,1,1495.71,64.38,149.03,139.97,1,-1,-1,-1
58,53,1120.27,-0.80,165.53,179.29,1,-1,-1,-1
58,47,1571.00,30.15,150.98,173.36,1,-1,-1,-1
58,46,1401.55,147.87,219.07,201.70,1,-1,-1,-1
58,35,1360.69,117.21,211.28,197.34,1,-1,-1,-1
58,31,1734.18,83.44,125.94,137.57,1,-1,-1,-1
58,28,1725.15,25.18,174.27,201.09,1,-1,-1,-1
58,27,1560.36,201.06,233.33,206.34,1,-1,-1,-1
58,5,1129.55,-10.29,160.58,143.17,1,-1,-1,-1
58,2,1354.79,162.72,179.23,171.68,1,-1,-1,-1
58,1,1498.45,47.48,147.45,139.94,1,-1,-1,-1
59,53,1119.81,-4.06,162.80,162.75,1,-1,-1,-1
59,47,1416.37,49.48,197.39,219.11,1,-1,-1,-1
59,35,1359.63,107.00,205.51,198.51,1,-1,-1,-1
59,31,1736.73,64.44,127.11,138.30,1,-1,-1,-1
59,28,1724.88,10.94,170.72,199.34,1,-1,-1,-1
59,27,1557.89,183.68,236.20,207.39,1,-1,-1,-1
59,2,1360.39,146.39,174.09,166.59,1,-1,-1,-1
59,1,1505.15,27.29,145.76,136.24,1,-1,-1,-1
60,35,1365.69,77.72,203.26,198.71,1,-1,-1,-1
60,28,1727.09,-8.09,170.03,188.13,1,-1,-1,-1
60,27,1573.03,149.95,231.15,205.92,1,-1,-1,-1
60,2,1365.40,112.39,170.10,165.41,1,-1,-1,-1
60,1,1511.99,3.16,144.60,132.85,1,-1,-1,-1
61,55,1361.48,22.32,233.62,222.07,1,-1,-1,-1
61,54,1149.38,18.71,105.63,72.81,1,-1,-1,-1
61,53,1145.51,-6.38,123.33,106.51,1,-1,-1,-1
61,52,1152.49,16.47,99.41,77.29,1,-1,-1,-1
61,47,1355.07,18.72,216.94,232.67,1,-1,-1,-1
61,46,1357.03,28.03,225.30,214.24,1,-1,-1,-1
61,35,1364.47,64.05,190.29,190.52,1,-1,-1,-1
61,31,1634.15,123.49,136.54,152.97,1,-1,-1,-1
61,28,1728.16,-14.44,173.17,176.84,1,-1,-1,-1
61,27,1573.01,123.86,229.48,203.92,1,-1,-1,-1
61,5,1135.42,-18.64,150.38,121.99,1,-1,-1,-1
61,2,1375.17,57.37,187.84,184.22,1,-1,-1,-1
61,1,1659.32,-3.04,142.93,133.15,1,-1,-1,-1
62,52,1156.90,5.70,87.51,60.77,1,-1,-1,-1
62,28,1726.98,-20.59,165.86,160.01,1,-1,-1,-1
62,27,1578.32,96.53,229.20,203.97,1,-1,-1,-1
62,2,1370.03,46.43,179.60,177.11,1,-1,-1,-1
63,35,1368.11,29.66,172.65,177.87,1,-1,-1,-1
63,31,1610.40,103.77,140.88,160.24,1,-1,-1,-1
63,27,1587.30,73.87,220.76,202.66,1,-1,-1,-1
63,2,1382.90,13.20,189.96,182.23,1,-1,-1,-1
63,1,1727.87,-13.88,142.44,118.52,1,-1,-1,-1
64,31,1599.11,104.04,141.98,150.36,1,-1,-1,-1
64,27,1586.76,46.89,222.08,205.78,1,-1,-1,-1
64,2,1380.89,-3.88,194.93,178.23,1,-1,-1,-1
64,1,1732.52,-18.18,133.34,101.24,1,-1,-1,-1
65,27,1590.21,6.65,220.30,200.79,1,-1,-1,-1
65,2,1378.17,-18.86,186.30,160.87,1,-1,-1,-1
66,31,1600.75,24.17,169.01,159.01,1,-1,-1,-1
66,27,1584.75,2.63,204.20,181.19,1,-1,-1,-1
66,2,1377.60,-26.42,186.34,132.85,1,-1,-1,-1
67,31,1592.77,0.58,170.86,149.69,1,-1,-1,-1
67,2,1385.92,-27.43,181.49,110.46,1,-1,-1,-1
68,27,1589.14,-24.92,198.08,147.53,1,-1,-1,-1
69,31,1602.44,-20.46,165.10,112.87,1,-1,-1,-1
69,27,1583.26,-26.50,196.13,117.67,1,-1,-1,-1
136,60,307.14,878.17,249.71,203.22,1,-1,-1,-1
137,60,323.22,856.34,239.91,218.98,1,-1,-1,-1
138,60,302.57,829.66,255.36,246.45,1,-1,-1,-1
139,60,314.19,894.90,215.09,200.26,1,-1,-1,-1
141,61,890.01,943.24,205.27,140.30,1,-1,-1,-1
145,61,819.69,963.29,192.41,126.36,1,-1,-1,-1
146,62,496.71,1017.19,112.24,71.02,1,-1,-1,-1
146,61,798.70,930.30,203.33,150.66,1,-1,-1,-1
147,63,130.91,943.87,306.49,135.84,1,-1,-1,-1
147,62,433.52,997.59,195.64,114.74,1,-1,-1,-1
147,61,776.80,879.50,225.26,185.14,1,-1,-1,-1
148,63,87.78,890.10,358.54,183.55,1,-1,-1,-1
148,62,379.37,943.39,262.62,159.42,1,-1,-1,-1
148,61,774.34,806.64,231.65,207.06,1,-1,-1,-1
149,63,279.82,852.54,364.76,215.25,1,-1,-1,-1
149,62,182.74,865.97,309.17,212.56,1,-1,-1,-1
149,61,772.62,732.18,237.94,222.38,1,-1,-1,-1
150,63,332.70,750.13,358.45,233.07,1,-1,-1,-1
150,62,113.90,737.34,326.29,246.14,1,-1,-1,-1
150,61,769.87,612.30,240.90,235.78,1,-1,-1,-1
151,63,345.86,663.38,351.45,244.60,1,-1,-1,-1
151,62,93.38,640.03,330.95,266.54,1,-1,-1,-1
151,61,765.95,525.10,245.30,246.41,1,-1,-1,-1
152,64,333.84,-6.99,209.35,208.10,1,-1,-1,-1
152,62,255.57,587.59,325.92,264.74,1,-1,-1,-1
152,61,762.74,449.79,253.22,252.98,1,-1,-1,-1
153,65,135.99,468.28,283.73,282.54,1,-1,-1,-1
153,63,356.56,527.58,342.99,252.62,1,-1,-1,-1
153,61,762.40,386.51,253.94,255.46,1,-1,-1,-1
154,67,1278.84,1000.74,121.09,87.03,1,-1,-1,-1
154,66,967.37,939.22,270.47,157.80,1,-1,-1,-1
154,65,126.37,399.62,294.15,288.70,1,-1,-1,-1
154,63,360.84,458.32,329.36,246.35,1,-1,-1,-1
154,61,765.61,320.88,257.68,264.54,1,-1,-1,-1
155,68,1218.53,896.10,282.96,175.90,1,-1,-1,-1
155,65,123.42,269.27,305.54,290.64,1,-1,-1,-1
155,63,771.84,680.06,319.15,244.52,1,-1,-1,-1
155,62,329.78,331.76,329.73,267.11,1,-1,-1,-1
155,61,769.12,209.81,261.27,276.60,1,-1,-1,-1
156,71,1544.44,542.21,126.62,114.56,1,-1,-1,-1
156,70,1805.25,868.07,119.57,185.92,1,-1,-1,-1
156,69,1504.62,841.13,285.03,231.90,1,-1,-1,-1
156,68,1214.49,844.14,301.09,222.19,1,-1,-1,-1
156,65,128.64,186.21,300.31,276.82,1,-1,-1,-1
156,62,351.48,257.22,317.40,256.39,1,-1,-1,-1
156,61,775.20,112.86,275.75,286.82,1,-1,-1,-1
157,76,143.73,895.68,346.20,188.75,1,-1,-1,-1
157,75,977.54,676.30,248.79,221.86,1,-1,-1,-1
157,70,1805.50,797.68,117.59,192.79,1,-1,-1,-1
157,69,1504.18,768.66,288.91,239.34,1,-1,-1,-1
157,68,1212.95,775.46,299.22,241.50,1,-1,-1,-1
157,65,132.47,109.74,309.92,275.18,1,-1,-1,-1
157,62,354.98,185.23,316.56,252.85,1,-1,-1,-1
157,61,775.16,32.31,282.32,292.63,1,-1,-1,-1
158,78,754.73,21.10,323.39,214.24,1,-1,-1,-1
158,76,894.96,632.36,328.82,208.81,1,-1,-1,-1
158,74,145.60,834.59,353.03,240.23,1,-1,-1,-1
158,71,15.10,121.02,83.65,104.76,1,-1,-1,-1
158,70,1589.36,463.26,132.43,157.25,1,-1,-1,-1
158,69,1508.33,697.72,285.49,240.57,1,-1,-1,-1
158,68,1217.76,706.64,290.95,251.25,1,-1,-1,-1
158,67,1760.91,742.85,164.59,172.95,1,-1,-1,-1
158,66,1784.07,778.04,152.67,133.31,1,-1,-1,-1
158,65,136.11,41.01,314.53,273.91,1,-1,-1,-1
158,63,967.05,603.41,305.02,243.79,1,-1,-1,-1
158,62,359.45,112.17,315.23,250.35,1,-1,-1,-1
158,61,774.35,-18.18,282.59,285.71,1,-1,-1,-1
159,78,-3.66,13.65,174.64,163.99,1,-1,-1,-1
159,76,1501.47,379.66,241.05,169.82,1,-1,-1,-1
159,75,972.36,539.85,273.91,242.33,1,-1,-1,-1
159,72,164.65,749.20,328.04,269.59,1,-1,-1,-1
159,69,1513.22,631.94,283.04,239.98,1,-1,-1,-1
159,68,1223.03,640.61,283.37,252.39,1,-1,-1,-1
159,66,1835.90,702.58,144.24,152.48,1,-1,-1,-1
159,65,145.06,-15.21,307.09,267.90,1,-1,-1,-1
159,62,357.82,41.61,317.09,249.68,1,-1,-1,-1
159,61,766.06,-41.05,276.80,267.81,1,-1,-1,-1
160,75,976.80,406.43,272.02,246.70,1,-1,-1,-1
160,72,-70.92,706.87,208.92,233.00,1,-1,-1,-1
160,70,1534.96,248.51,132.63,144.65,1,-1,-1,-1
160,69,1516.30,514.62,278.08,238.03,1,-1,-1,-1
160,68,1224.85,525.29,278.66,257.80,1,-1,-1,-1
160,67,1817.32,539.16,148.71,194.72,1,-1,-1,-1
160,66,1863.37,586.39,128.75,155.15,1,-1,-1,-1
160,65,166.79,387.33,305.95,267.78,1,-1,-1,-1
160,62,353.06,-22.55,322.40,221.64,1,-1,-1,-1
161,81,412.70,-4.15,233.37,88.43,1,-1,-1,-1
161,80,287.53,-1.36,127.56,59.08,1,-1,-1,-1
161,79,-1.19,632.81,85.94,186.38,1,-1,-1,-1
161,75,980.26,337.07,268.81,236.10,1,-1,-1,-1
161,74,-50.14,685.94,208.28,219.47,1,-1,-1,-1
161,69,1514.68,430.07,278.66,239.82,1,-1,-1,-1
161,68,1229.01,442.72,273.66,259.99,1,-1,-1,-1
161,65,174.65,483.61,304.81,271.00,1,-1,-1,-1
162,85,1814.66,417.23,108.99,205.96,1,-1,-1,-1
162,83,475.03,800.24,321.73,280.06,1,-1,-1,-1
162,82,1015.22,302.59,205.95,166.99,1,-1,-1,-1
162,77,1.96,577.02,77.16,187.48,1,-1,-1,-1
162,75,981.55,285.76,261.51,228.18,1,-1,-1,-1
162,69,1515.02,356.70,278.04,237.93,1,-1,-1,-1
162,68,1231.62,370.13,270.60,264.71,1,-1,-1,-1
162,65,178.20,468.85,304.04,273.01,1,-1,-1,-1
163,85,1823.14,351.30,98.38,183.48,1,-1,-1,-1
163,84,-33.01,909.84,331.14,157.24,1,-1,-1,-1
163,83,456.10,709.31,338.54,318.52,1,-1,-1,-1
163,82,956.32,244.75,258.16,230.98,1,-1,-1,-1
163,77,1.37,530.27,83.41,198.49,1,-1,-1,-1
163,75,993.00,218.22,245.48,211.99,1,-1,-1,-1
163,74,14.18,915.33,202.15,169.53,1,-1,-1,-1
163,69,1518.66,291.65,275.17,239.92,1,-1,-1,-1
163,68,1233.82,301.55,265.98,267.58,1,-1,-1,-1
163,65,179.23,410.33,303.63,278.45,1,-1,-1,-1
164,86,1562.03,4.30,139.89,185.60,1,-1,-1,-1
164,85,1826.23,281.88,93.15,167.15,1,-1,-1,-1
164,83,451.32,632.93,347.84,333.89,1,-1,-1,-1
164,82,94.69,395.80,178.79,200.21,1,-1,-1,-1
164,81,1515.46,60.67,187.14,99.47,1,-1,-1,-1
164,80,-40.69,448.85,179.43,134.34,1,-1,-1,-1
164,77,61.63,802.41,130.61,197.02,1,-1,-1,-1
164,75,1000.97,145.33,232.87,193.16,1,-1,-1,-1
164,74,73.14,923.54,171.44,158.11,1,-1,-1,-1
164,70,1082.50,865.62,163.60,132.62,1,-1,-1,-1
164,69,1518.92,222.02,277.87,241.54,1,-1,-1,-1
164,68,1236.34,233.46,266.85,271.21,1,-1,-1,-1
164,65,175.21,339.66,305.45,282.35,1,-1,-1,-1
165,85,1836.90,172.89,87.83,179.50,1,-1,-1,-1
165,81,1814.00,152.27,150.50,108.43,1,-1,-1,-1
165,77,65.38,794.53,162.11,192.91,1,-1,-1,-1
165,75,1003.59,16.14,234.81,194.31,1,-1,-1,-1
165,70,1532.24,901.53,165.53,152.71,1,-1,-1,-1
165,69,1516.93,111.28,277.75,254.14,1,-1,-1,-1
165,68,1236.28,116.29,270.47,279.05,1,-1,-1,-1
165,65,185.00,227.97,301.00,279.58,1,-1,-1,-1
165,62,457.62,448.12,343.79,273.57,1,-1,-1,-1
166,91,5.25,223.86,80.72,131.75,1,-1,-1,-1
166,90,4.69,659.15,248.96,296.32,1,-1,-1,-1
166,87,1046.86,764.99,203.11,211.54,1,-1,-1,-1
166,75,1003.56,-24.19,230.37,192.43,1,-1,-1,-1
166,69,1518.16,21.46,275.72,263.97,1,-1,-1,-1
166,68,1234.15,22.74,274.60,286.09,1,-1,-1,-1
166,65,191.52,137.68,294.35,280.29,1,-1,-1,-1
166,62,462.59,433.38,347.62,303.32,1,-1,-1,-1
167,90,47.23,596.12,200.62,222.36,1,-1,-1,-1
167,87,1045.19,691.78,208.27,214.96,1,-1,-1,-1
167,77,36.66,670.37,208.58,240.39,1,-1,-1,-1
167,74,-14.70,252.70,124.82,145.87,1,-1,-1,-1
167,69,1521.81,-28.24,267.13,249.17,1,-1,-1,-1
167,68,1235.51,-27.18,273.70,274.49,1,-1,-1,-1
167,65,192.41,58.05,291.08,282.48,1,-1,-1,-1
167,62,464.33,376.16,351.58,324.93,1,-1,-1,-1
168,92,7.44,80.60,67.45,102.55,1,-1,-1,-1
168,90,22.07,509.19,226.78,252.38,1,-1,-1,-1
168,87,1043.34,619.87,206.55,208.43,1,-1,-1,-1
168,75,982.45,-46.54,211.89,169.48,1,-1,-1,-1
168,69,1518.86,-51.51,243.82,220.68,1,-1,-1,-1
168,68,1237.55,-49.66,260.22,250.18,1,-1,-1,-1
168,65,191.94,3.93,286.57,272.75,1,-1,-1,-1
168,62,466.10,312.54,349.38,334.01,1,-1,-1,-1
169,89,1796.32,645.40,135.06,182.65,1,-1,-1,-1
169,68,1243.20,-62.81,239.35,212.87,1,-1,-1,-1
169,65,208.87,-25.75,272.12,243.15,1,-1,-1,-1
169,62,469.06,233.82,347.56,342.53,1,-1,-1,-1
170,87,1186.08,851.21,232.42,199.87,1,-1,-1,-1
170,77,13.76,349.34,243.81,281.76,1,-1,-1,-1
170,70,1767.54,547.33,141.00,174.64,1,-1,-1,-1
170,65,243.33,-51.87,258.29,175.67,1,-1,-1,-1
170,62,470.62,108.33,346.57,349.69,1,-1,-1,-1
171,90,12.83,221.01,231.49,249.34,1,-1,-1,-1
171,89,1254.34,791.94,246.07,261.01,1,-1,-1,-1
171,87,933.15,840.09,278.47,240.58,1,-1,-1,-1
171,75,1262.41,267.58,184.66,166.88,1,-1,-1,-1
171,70,1787.34,465.26,134.51,173.74,1,-1,-1,-1
171,62,471.17,26.76,347.26,352.05,1,-1,-1,-1
172,90,50.91,150.25,208.73,230.51,1,-1,-1,-1
172,89,1156.36,769.84,274.86,273.85,1,-1,-1,-1
172,87,844.76,787.08,305.29,276.61,1,-1,-1,-1
172,77,-9.52,750.28,218.09,257.19,1,-1,-1,-1
172,75,1302.48,273.18,177.18,173.69,1,-1,-1,-1
172,70,1797.95,390.13,129.29,177.31,1,-1,-1,-1
172,65,61.15,107.17,255.32,192.29,1,-1,-1,-1
172,62,471.66,-19.74,345.63,324.55,1,-1,-1,-1
173,96,468.83,846.91,272.25,223.36,1,-1,-1,-1
173,95,263.89,909.84,185.82,179.97,1,-1,-1,-1
173,94,1787.73,914.99,139.72,163.18,1,-1,-1,-1
173,87,811.37,715.65,319.13,297.41,1,-1,-1,-1
173,75,1235.25,550.62,220.22,205.50,1,-1,-1,-1
173,68,1292.43,130.50,205.55,195.08,1,-1,-1,-1
173,65,18.52,96.77,252.74,205.61,1,-1,-1,-1
173,62,480.42,-42.10,326.84,293.36,1,-1,-1,-1
174,94,1209.67,621.37,250.58,254.78,1,-1,-1,-1
174,87,408.91,791.29,291.55,283.24,1,-1,-1,-1
174,75,979.58,601.13,256.60,242.55,1,-1,-1,-1
174,70,1788.84,727.49,138.38,210.04,1,-1,-1,-1
174,65,25.38,45.86,238.00,209.01,1,-1,-1,-1
174,62,475.64,458.31,311.48,287.56,1,-1,-1,-1
175,96,1728.02,736.11,216.80,246.75,1,-1,-1,-1
175,94,277.43,658.35,304.10,312.94,1,-1,-1,-1
175,89,1672.78,160.69,192.06,247.77,1,-1,-1,-1
175,77,16.70,105.14,236.40,188.55,1,-1,-1,-1
175,75,658.04,611.32,258.46,240.74,1,-1,-1,-1
175,70,1790.71,709.71,136.97,223.29,1,-1,-1,-1
175,68,1200.21,376.74,235.72,215.92,1,-1,-1,-1
175,65,138.60,490.69,262.27,241.58,1,-1,-1,-1
175,62,701.75,459.84,314.09,293.42,1,-1,-1,-1
176,98,1824.23,25.10,100.85,199.10,1,-1,-1,-1
176,96,1888.95,635.42,174.21,230.89,1,-1,-1,-1
176,89,1768.71,60.38,152.05,211.68,1,-1,-1,-1
176,70,1788.54,663.50,140.60,259.76,1,-1,-1,-1
176,68,1177.43,382.09,252.38,231.76,1,-1,-1,-1
176,65,180.23,607.97,275.80,260.89,1,-1,-1,-1
176,62,787.46,410.61,315.58,297.50,1,-1,-1,-1
177,101,1821.07,47.76,102.01,110.81,1,-1,-1,-1
177,89,1801.02,-15.05,132.17,191.33,1,-1,-1,-1
177,87,1053.58,910.68,272.36,211.46,1,-1,-1,-1
177,75,519.82,504.30,261.41,237.15,1,-1,-1,-1
177,70,1790.59,580.85,137.66,257.91,1,-1,-1,-1
177,68,1167.86,329.35,257.28,235.68,1,-1,-1,-1
177,65,196.35,594.54,282.79,271.76,1,-1,-1,-1
177,62,819.22,343.08,317.39,298.62,1,-1,-1,-1
178,102,1788.33,451.51,131.63,310.27,1,-1,-1,-1
178,89,1814.42,-48.48,121.71,150.52,1,-1,-1,-1
178,87,1397.08,907.94,272.39,200.48,1,-1,-1,-1
178,75,490.50,424.64,263.11,234.22,1,-1,-1,-1
178,70,1789.16,503.36,137.86,273.66,1,-1,-1,-1
178,68,1163.22,252.11,262.53,237.85,1,-1,-1,-1
178,65,206.46,539.83,287.10,280.13,1,-1,-1,-1
178,62,1042.30,246.77,307.70,284.34,1,-1,-1,-1
179,107,1173.46,803.34,355.17,274.61,1,-1,-1,-1
179,106,232.44,939.76,216.44,138.29,1,-1,-1,-1
179,105,812.21,147.39,330.16,304.55,1,-1,-1,-1
179,103,1518.85,859.71,314.71,216.39,1,-1,-1,-1
179,102,1796.80,379.85,121.15,272.61,1,-1,-1,-1
179,97,512.78,942.41,184.04,144.78,1,-1,-1,-1
179,75,473.73,345.81,264.10,234.68,1,-1,-1,-1
179,70,1784.48,433.23,140.54,292.62,1,-1,-1,-1
179,65,214.21,462.75,287.92,284.33,1,-1,-1,-1
179,62,1127.34,164.68,301.51,275.88,1,-1,-1,-1
180,108,494.52,179.06,257.25,204.92,1,-1,-1,-1
180,107,1503.42,712.28,316.10,246.01,1,-1,-1,-1
180,105,812.41,2.10,334.24,301.46,1,-1,-1,-1
180,103,917.75,727.16,339.62,253.69,1,-1,-1,-1
180,102,1801.18,243.02,115.57,248.60,1,-1,-1,-1
180,100,1776.36,255.42,165.36,260.43,1,-1,-1,-1
180,99,1170.03,-8.81,254.77,226.63,1,-1,-1,-1
180,97,450.84,884.66,305.63,244.08,1,-1,-1,-1
180,75,280.78,306.05,288.74,271.16,1,-1,-1,-1
180,65,175.15,690.37,281.13,284.22,1,-1,-1,-1
180,62,1186.17,491.30,316.55,289.59,1,-1,-1,-1
181,104,3.43,160.81,226.24,330.69,1,-1,-1,-1
181,103,258.51,272.07,336.40,264.78,1,-1,-1,-1
181,102,1796.41,157.91,125.98,298.14,1,-1,-1,-1
181,97,432.02,810.43,329.47,277.01,1,-1,-1,-1
181,87,1537.84,694.05,287.76,216.46,1,-1,-1,-1
181,75,204.27,239.28,304.13,298.15,1,-1,-1,-1
181,70,1791.07,214.48,137.92,320.85,1,-1,-1,-1
181,68,910.46,574.28,271.72,240.79,1,-1,-1,-1
181,65,162.20,729.09,276.63,282.89,1,-1,-1,-1
181,62,1207.56,564.74,321.88,298.05,1,-1,-1,-1
182,111,481.71,14.98,288.09,280.27,1,-1,-1,-1
182,110,827.85,-6.06,305.34,155.09,1,-1,-1,-1
182,106,134.74,676.60,306.25,241.37,1,-1,-1,-1
182,97,419.00,721.10,320.55,293.72,1,-1,-1,-1
182,87,495.74,290.39,274.75,246.38,1,-1,-1,-1
182,68,1335.89,570.84,274.01,239.76,1,-1,-1,-1
182,65,631.85,624.62,268.78,260.80,1,-1,-1,-1
182,62,1213.42,548.04,325.03,300.35,1,-1,-1,-1
183,114,495.72,-4.94,266.98,209.37,1,-1,-1,-1
183,112,159.53,581.72,258.16,279.19,1,-1,-1,-1
183,106,135.15,592.07,298.24,262.28,1,-1,-1,-1
183,104,10.55,8.82,219.01,320.37,1,-1,-1,-1
183,102,1817.16,6.79,107.45,268.14,1,-1,-1,-1
183,100,1787.94,40.48,147.77,294.76,1,-1,-1,-1
183,97,455.38,212.57,313.60,265.41,1,-1,-1,-1
183,87,434.06,468.37,279.13,268.51,1,-1,-1,-1
183,75,166.20,85.38,309.72,318.93,1,-1,-1,-1
183,70,1117.82,394.82,181.71,266.68,1,-1,-1,-1
183,65,1248.06,539.03,269.67,251.51,1,-1,-1,-1
183,62,1216.46,486.12,326.95,305.57,1,-1,-1,-1
184,100,1803.32,-12.14,128.06,250.98,1,-1,-1,-1
184,87,415.82,482.44,276.68,283.79,1,-1,-1,-1
184,75,158.57,18.33,313.14,319.02,1,-1,-1,-1
184,70,1173.63,371.01,233.75,294.52,1,-1,-1,-1
184,65,1479.79,459.10,268.43,244.13,1,-1,-1,-1
184,62,1010.52,420.68,303.45,287.72,1,-1,-1,-1
185,97,247.93,-8.00,273.03,231.30,1,-1,-1,-1
185,87,411.53,387.61,272.33,289.75,1,-1,-1,-1
185,75,136.78,224.22,296.18,311.97,1,-1,-1,-1
185,70,987.34,262.90,233.95,280.03,1,-1,-1,-1
185,65,1572.56,330.60,267.95,239.97,1,-1,-1,-1
185,62,1141.39,286.88,314.43,298.78,1,-1,-1,-1
186,118,525.34,794.50,278.62,233.47,1,-1,-1,-1
186,113,952.78,979.07,195.93,111.46,1,-1,-1,-1
186,100,1368.03,727.63,161.27,198.87,1,-1,-1,-1
186,97,1306.12,619.09,204.37,200.63,1,-1,-1,-1
186,87,712.36,215.96,262.12,272.20,1,-1,-1,-1
186,75,311.62,243.60,288.09,312.53,1,-1,-1,-1
186,70,429.93,269.35,243.36,278.04,1,-1,-1,-1
186,65,1602.25,238.26,270.30,234.70,1,-1,-1,-1
186,62,1190.35,181.45,321.16,306.66,1,-1,-1,-1
187,118,522.96,705.17,281.83,244.62,1,-1,-1,-1
187,114,1613.93,915.40,232.87,171.26,1,-1,-1,-1
187,113,1619.32,990.92,149.40,116.46,1,-1,-1,-1
187,100,1061.28,879.92,200.75,191.84,1,-1,-1,-1
187,87,830.99,98.76,252.82,261.12,1,-1,-1,-1
187,70,220.62,219.21,249.68,286.94,1,-1,-1,-1
187,68,1246.78,839.26,242.01,233.75,1,-1,-1,-1
187,65,1613.66,154.58,269.25,235.83,1,-1,-1,-1
187,62,1208.81,94.03,323.84,310.09,1,-1,-1,-1
188,114,1804.08,905.17,185.69,183.99,1,-1,-1,-1
188,113,1818.43,920.18,136.49,134.59,1,-1,-1,-1
188,106,484.36,598.30,308.12,281.40,1,-1,-1,-1
188,100,1160.13,851.65,207.09,210.86,1,-1,-1,-1
188,97,1589.64,814.10,259.07,222.34,1,-1,-1,-1
188,87,865.24,11.31,258.30,252.18,1,-1,-1,-1
188,75,395.20,135.56,288.58,314.61,1,-1,-1,-1
188,70,146.02,153.27,255.89,285.68,1,-1,-1,-1
188,68,1036.42,850.72,268.11,241.40,1,-1,-1,-1
188,65,1611.36,73.60,276.49,238.54,1,-1,-1,-1
188,62,1211.84,20.91,329.25,307.17,1,-1,-1,-1
189,118,522.26,547.24,294.39,273.17,1,-1,-1,-1
189,115,161.06,58.55,248.23,286.55,1,-1,-1,-1
189,114,1866.98,844.89,162.28,204.91,1,-1,-1,-1
189,113,1876.40,830.58,124.85,148.44,1,-1,-1,-1
189,106,522.10,550.14,299.72,287.37,1,-1,-1,-1
189,87,856.60,-25.74,273.23,227.32,1,-1,-1,-1
189,68,1160.88,778.54,244.34,248.36,1,-1,-1,-1
189,65,1605.93,12.20,283.38,231.35,1,-1,-1,-1
189,62,1213.19,-17.77,331.37,282.40,1,-1,-1,-1
190,122,454.75,-10.00,239.47,210.03,1,-1,-1,-1
190,119,453.76,-9.07,241.44,208.15,1,-1,-1,-1
190,118,525.99,413.52,305.08,298.16,1,-1,-1,-1
190,115,378.21,-16.07,249.71,230.64,1,-1,-1,-1
190,113,1733.61,250.60,144.59,110.86,1,-1,-1,-1
190,106,1010.32,550.82,258.63,271.95,1,-1,-1,-1
190,97,1645.70,695.00,292.79,241.08,1,-1,-1,-1
190,87,1085.98,-46.23,287.91,173.41,1,-1,-1,-1
190,75,498.15,325.23,292.29,319.90,1,-1,-1,-1
190,70,103.25,0.20,239.28,259.20,1,-1,-1,-1
190,65,1362.98,-38.78,248.84,194.64,1,-1,-1,-1
190,62,1225.02,350.40,290.93,274.66,1,-1,-1,-1
191,121,1587.88,576.33,305.69,234.80,1,-1,-1,-1
191,120,1662.27,971.65,180.34,122.42,1,-1,-1,-1
191,106,976.32,545.93,294.04,301.38,1,-1,-1,-1
191,97,1638.90,619.43,303.73,237.89,1,-1,-1,-1
191,87,476.50,-45.54,254.66,159.17,1,-1,-1,-1
191,75,520.61,317.35,293.59,324.62,1,-1,-1,-1
191,65,787.57,-36.04,246.01,172.29,1,-1,-1,-1
191,62,1231.74,436.79,262.51,268.16,1,-1,-1,-1
192,121,1591.89,833.84,280.62,202.86,1,-1,-1,-1
192,120,1639.33,578.49,297.84,203.37,1,-1,-1,-1
192,106,954.62,491.93,316.53,315.38,1,-1,-1,-1
192,75,531.03,261.12,296.55,326.20,1,-1,-1,-1
192,62,1240.10,418.11,243.22,262.21,1,-1,-1,-1
193,106,510.89,739.94,285.84,274.81,1,-1,-1,-1
193,97,1635.65,469.70,320.10,233.32,1,-1,-1,-1
193,75,971.93,294.82,276.52,306.51,1,-1,-1,-1
193,68,1535.84,836.91,275.30,254.17,1,-1,-1,-1
193,65,592.57,132.12,283.55,225.03,1,-1,-1,-1
193,62,1034.74,416.64,276.63,282.63,1,-1,-1,-1
194,124,1215.86,284.55,256.80,199.46,1,-1,-1,-1
194,123,898.67,317.17,341.67,321.12,1,-1,-1,-1
194,121,798.93,891.98,269.38,200.61,1,-1,-1,-1
194,118,530.15,75.68,320.49,330.94,1,-1,-1,-1
194,106,358.35,807.53,282.69,265.01,1,-1,-1,-1
194,97,1619.85,390.62,326.79,238.18,1,-1,-1,-1
194,70,-57.57,809.63,225.07,193.73,1,-1,-1,-1
194,68,1574.64,798.49,296.91,281.84,1,-1,-1,-1
195,124,1235.52,173.60,237.20,220.90,1,-1,-1,-1
195,123,895.48,182.33,349.12,323.54,1,-1,-1,-1
195,121,335.10,777.48,300.75,239.70,1,-1,-1,-1
195,70,-50.62,863.30,208.19,198.65,1,-1,-1,-1
195,68,1582.53,687.78,313.89,301.41,1,-1,-1,-1
195,65,551.35,27.98,283.27,228.07,1,-1,-1,-1
195,62,777.35,661.46,303.53,303.91,1,-1,-1,-1
196,126,1556.02,108.59,353.67,278.28,1,-1,-1,-1
196,123,890.57,93.01,353.96,320.19,1,-1,-1,-1
196,121,-7.98,792.68,250.04,228.93,1,-1,-1,-1
196,106,277.71,674.22,306.26,290.00,1,-1,-1,-1
196,97,1601.73,519.49,346.06,277.12,1,-1,-1,-1
196,75,755.32,586.27,314.40,327.73,1,-1,-1,-1
196,65,575.51,-1.19,256.78,219.39,1,-1,-1,-1
197,127,1244.31,-4.75,195.89,232.96,1,-1,-1,-1
197,126,1553.46,29.87,348.06,276.06,1,-1,-1,-1
197,123,887.28,10.91,357.93,325.58,1,-1,-1,-1
197,121,-114.01,764.17,234.08,253.36,1,-1,-1,-1
197,106,259.46,589.98,306.56,301.14,1,-1,-1,-1
197,97,1589.84,492.09,353.01,302.03,1,-1,-1,-1
197,70,-50.90,769.68,197.88,209.88,1,-1,-1,-1
197,62,696.75,607.77,318.07,322.97,1,-1,-1,-1
198,126,1553.26,-14.22,337.63,253.53,1,-1,-1,-1
198,124,1256.69,2.61,210.33,188.30,1,-1,-1,-1
198,123,886.31,-33.60,357.39,302.60,1,-1,-1,-1
198,121,-132.66,695.74,219.34,265.99,1,-1,-1,-1
198,106,257.46,506.99,311.75,305.94,1,-1,-1,-1
198,97,1584.40,431.62,356.55,318.31,1,-1,-1,-1
198,70,-40.39,688.16,191.13,216.93,1,-1,-1,-1
198,62,678.43,539.21,328.62,334.17,1,-1,-1,-1
199,126,1555.77,-28.49,294.23,199.50,1,-1,-1,-1
199,123,895.75,-53.54,347.72,251.12,1,-1,-1,-1
199,106,258.59,425.12,311.58,305.25,1,-1,-1,-1
199,97,1580.21,351.83,356.76,332.46,1,-1,-1,-1
199,62,671.13,474.35,332.95,338.45,1,-1,-1,-1
200,128,-3.20,409.73,183.28,258.34,1,-1,-1,-1
200,126,1556.38,119.90,338.32,253.34,1,-1,-1,-1
200,106,258.10,292.00,320.65,307.99,1,-1,-1,-1
200,97,1423.32,696.80,345.30,278.52,1,-1,-1,-1
200,75,944.05,864.58,276.65,254.18,1,-1,-1,-1
200,65,41.02,393.90,235.29,267.05,1,-1,-1,-1
200,62,667.05,339.25,339.59,347.59,1,-1,-1,-1
201,126,1555.97,103.38,351.21,279.49,1,-1,-1,-1
201,123,950.92,652.45,290.07,228.12,1,-1,-1,-1
201,106,256.50,187.75,321.75,309.51,1,-1,-1,-1
201,65,-14.39,382.56,220.10,290.46,1,-1,-1,-1
201,62,664.28,230.29,341.88,358.77,1,-1,-1,-1
202,131,338.87,870.65,331.07,191.65,1,-1,-1,-1
202,130,-0.95,263.75,178.81,272.39,1,-1,-1,-1
202,129,1306.34,794.14,354.77,285.74,1,-1,-1,-1
202,126,1560.95,43.44,346.58,285.72,1,-1,-1,-1
202,123,1209.30,770.71,309.25,252.65,1,-1,-1,-1
202,106,250.90,99.86,328.02,309.88,1,-1,-1,-1
202,97,1065.32,761.22,309.58,266.68,1,-1,-1,-1
202,75,1453.51,218.78,300.38,275.08,1,-1,-1,-1
202,65,-31.79,307.69,205.45,285.54,1,-1,-1,-1
202,62,660.09,138.52,341.29,362.26,1,-1,-1,-1
203,132,-14.31,828.45,361.34,247.72,1,-1,-1,-1
203,131,935.03,734.92,292.96,196.38,1,-1,-1,-1
203,130,0.83,197.17,177.64,266.80,1,-1,-1,-1
203,129,1296.43,727.39,375.49,329.07,1,-1,-1,-1
203,126,1565.15,0.84,331.39,260.65,1,-1,-1,-1
203,106,249.32,19.18,331.51,306.95,1,-1,-1,-1
203,62,660.30,57.09,344.07,365.06,1,-1,-1,-1
204,131,1026.54,647.32,290.11,206.69,1,-1,-1,-1
204,130,-0.40,133.73,181.27,277.89,1,-1,-1,-1
204,129,491.00,696.34,329.42,317.90,1,-1,-1,-1
204,123,1310.75,720.86,332.85,300.30,1,-1,-1,-1
204,106,247.47,-25.42,336.05,282.85,1,-1,-1,-1
204,75,1564.64,14.86,297.16,216.28,1,-1,-1,-1
204,62,658.60,0.25,346.86,350.95,1,-1,-1,-1
205,131,1320.38,515.84,335.99,264.36,1,-1,-1,-1
205,129,14.67,612.82,330.50,310.03,1,-1,-1,-1
205,126,1693.19,462.46,251.28,231.13,1,-1,-1,-1
205,106,307.08,308.80,302.77,268.64,1,-1,-1,-1
205,97,812.68,827.69,303.50,263.36,1,-1,-1,-1
205,62,823.40,310.66,336.99,302.50,1,-1,-1,-1
206,134,8.72,-8.55,163.77,197.09,1,-1,-1,-1
206,133,1461.21,984.77,155.40,104.32,1,-1,-1,-1
206,130,433.30,817.79,166.07,198.75,1,-1,-1,-1
206,126,1730.42,513.52,212.13,216.40,1,-1,-1,-1
206,123,1328.92,497.46,341.14,317.76,1,-1,-1,-1
206,106,342.20,424.87,286.88,278.36,1,-1,-1,-1
206,97,783.40,785.43,292.54,259.44,1,-1,-1,-1
206,65,-2.65,511.51,257.50,292.83,1,-1,-1,-1
206,62,891.17,383.35,324.42,267.16,1,-1,-1,-1
207,134,14.43,-8.97,142.98,135.85,1,-1,-1,-1
207,133,1775.60,906.96,209.56,169.93,1,-1,-1,-1
207,132,779.66,690.46,295.29,233.90,1,-1,-1,-1
207,131,1391.73,341.57,361.46,305.81,1,-1,-1,-1
207,130,475.72,896.76,183.97,209.66,1,-1,-1,-1
207,126,1751.63,486.46,184.49,202.80,1,-1,-1,-1
207,123,1337.89,521.90,298.12,274.82,1,-1,-1,-1
207,106,363.98,424.14,277.80,284.26,1,-1,-1,-1
207,65,1.05,480.72,284.03,294.99,1,-1,-1,-1
207,62,918.39,368.91,310.44,240.94,1,-1,-1,-1
208,139,1428.60,871.25,314.82,213.73,1,-1,-1,-1
208,138,1439.13,863.61,293.77,229.02,1,-1,-1,-1
208,132,1312.84,810.49,297.81,227.22,1,-1,-1,-1
208,131,1117.02,267.00,321.20,259.56,1,-1,-1,-1
208,126,1750.71,732.38,178.60,214.50,1,-1,-1,-1
208,123,1339.92,360.85,310.55,289.58,1,-1,-1,-1
208,106,383.63,378.19,261.88,284.22,1,-1,-1,-1
208,97,466.36,817.41,276.80,265.04,1,-1,-1,-1
208,75,1734.91,303.20,236.03,216.24,1,-1,-1,-1
208,65,-1.80,430.44,298.48,296.11,1,-1,-1,-1
208,62,836.52,525.63,299.50,244.62,1,-1,-1,-1
209,139,85.85,890.93,202.63,152.85,1,-1,-1,-1
209,138,1337.31,453.88,257.21,199.73,1,-1,-1,-1
209,132,1463.70,805.03,338.37,260.35,1,-1,-1,-1
209,131,1024.53,203.27,300.40,227.31,1,-1,-1,-1
209,130,1076.68,995.58,161.93,151.25,1,-1,-1,-1
209,126,1748.09,784.44,179.83,242.13,1,-1,-1,-1
209,123,1333.76,250.59,326.04,301.04,1,-1,-1,-1
209,75,1753.85,289.27,209.38,215.37,1,-1,-1,-1
209,65,232.17,648.08,293.40,307.97,1,-1,-1,-1
209,62,805.95,540.68,293.61,243.75,1,-1,-1,-1
210,132,1284.72,831.32,339.80,253.88,1,-1,-1,-1
210,131,1231.17,80.85,335.21,265.12,1,-1,-1,-1
210,130,1030.26,389.58,232.68,219.73,1,-1,-1,-1
210,126,1744.81,716.78,180.34,262.88,1,-1,-1,-1
210,123,1398.81,538.30,357.20,334.00,1,-1,-1,-1
210,106,695.30,361.07,280.50,285.70,1,-1,-1,-1
210,75,1753.08,528.18,205.70,245.87,1,-1,-1,-1
210,65,306.04,638.57,302.95,313.91,1,-1,-1,-1
210,62,1001.01,746.79,307.15,242.66,1,-1,-1,-1
211,144,-2.33,88.99,340.52,331.01,1,-1,-1,-1
211,143,402.42,57.74,290.89,268.58,1,-1,-1,-1
211,132,459.55,818.19,330.74,263.60,1,-1,-1,-1
211,130,1012.29,132.72,258.06,241.25,1,-1,-1,-1
211,126,1328.48,764.17,181.40,234.85,1,-1,-1,-1
211,123,1415.19,593.34,377.66,357.51,1,-1,-1,-1
211,106,758.29,318.28,291.87,283.09,1,-1,-1,-1
211,75,1747.74,564.89,204.51,268.96,1,-1,-1,-1
211,65,328.30,591.38,308.04,317.56,1,-1,-1,-1
211,62,1073.23,792.63,323.94,261.35,1,-1,-1,-1
212,146,1346.61,111.70,233.68,249.25,1,-1,-1,-1
212,145,1309.82,-4.76,323.11,234.33,1,-1,-1,-1
212,141,1727.99,3.89,180.95,232.23,1,-1,-1,-1
212,130,1005.58,26.69,259.52,230.45,1,-1,-1,-1
212,126,1399.62,648.05,257.61,303.22,1,-1,-1,-1
212,123,1606.41,519.17,318.19,353.60,1,-1,-1,-1
212,97,706.34,308.82,296.36,277.53,1,-1,-1,-1
212,75,1337.05,660.63,205.66,236.89,1,-1,-1,-1
212,65,345.42,527.94,308.63,318.09,1,-1,-1,-1
212,62,1093.74,780.90,337.81,288.51,1,-1,-1,-1
213,147,993.22,-2.99,181.09,146.10,1,-1,-1,-1
213,146,1307.83,77.38,241.09,224.84,1,-1,-1,-1
213,145,1696.59,16.50,187.69,149.90,1,-1,-1,-1
213,142,464.61,14.43,181.05,195.11,1,-1,-1,-1
213,141,1388.40,-20.87,238.30,198.55,1,-1,-1,-1
213,132,1136.37,259.02,293.40,217.91,1,-1,-1,-1
213,126,1343.79,230.98,268.87,295.89,1,-1,-1,-1
213,123,1669.12,449.40,287.07,353.42,1,-1,-1,-1
213,106,779.01,186.53,302.69,286.16,1,-1,-1,-1
213,75,1402.39,565.73,268.09,290.82,1,-1,-1,-1
213,65,363.40,500.12,300.96,290.02,1,-1,-1,-1
213,62,1094.96,724.52,349.05,316.86,1,-1,-1,-1
214,149,450.82,2.60,218.77,139.30,1,-1,-1,-1
214,140,7.75,-5.57,320.63,241.42,1,-1,-1,-1
214,132,1015.60,339.87,336.64,252.11,1,-1,-1,-1
214,126,1314.61,62.93,264.84,265.86,1,-1,-1,-1
214,123,1684.10,375.64,272.29,352.93,1,-1,-1,-1
214,97,740.64,119.75,308.25,287.05,1,-1,-1,-1
214,75,1418.46,477.57,305.47,319.32,1,-1,-1,-1
214,65,368.29,432.57,296.49,276.90,1,-1,-1,-1
214,62,1095.75,655.19,353.25,334.89,1,-1,-1,-1
215,132,1288.66,290.26,381.08,295.36,1,-1,-1,-1
215,126,1297.05,-9.99,277.95,190.24,1,-1,-1,-1
215,106,467.69,251.77,287.45,262.65,1,-1,-1,-1
215,97,750.35,17.81,312.83,268.45,1,-1,-1,-1
215,75,1579.83,302.10,288.56,328.46,1,-1,-1,-1
215,65,368.06,290.69,296.88,287.99,1,-1,-1,-1
215,62,1089.83,538.36,359.28,344.32,1,-1,-1,-1
216,132,1388.12,222.35,407.74,322.48,1,-1,-1,-1
216,97,756.46,-27.77,310.85,228.69,1,-1,-1,-1
216,75,1641.58,180.20,277.35,334.60,1,-1,-1,-1
216,65,369.94,218.73,296.07,278.34,1,-1,-1,-1
216,62,1082.46,450.08,363.07,348.44,1,-1,-1,-1
217,132,1417.53,150.74,420.65,339.90,1,-1,-1,-1
217,106,383.59,134.28,288.53,272.78,1,-1,-1,-1
217,75,1666.86,91.42,268.70,338.12,1,-1,-1,-1
217,65,366.15,169.88,286.93,257.85,1,-1,-1,-1
217,62,1081.44,371.06,363.72,352.31,1,-1,-1,-1
218,132,1422.77,74.77,431.94,349.42,1,-1,-1,-1
218,75,1668.85,20.47,267.19,334.73,1,-1,-1,-1
218,65,360.91,110.19,291.49,246.92,1,-1,-1,-1
218,62,1074.96,294.81,370.00,355.10,1,-1,-1,-1
219,132,1417.35,6.47,445.22,356.85,1,-1,-1,-1
219,75,1673.42,-17.51,264.63,311.49,1,-1,-1,-1
219,65,354.25,42.33,297.53,241.93,1,-1,-1,-1
219,62,1065.72,221.33,379.35,355.84,1,-1,-1,-1
220,132,1403.72,-39.60,432.09,321.28,1,-1,-1,-1
220,65,338.85,-16.98,281.24,209.21,1,-1,-1,-1
220,62,1058.19,101.14,379.78,357.84,1,-1,-1,-1
