130,1,1637.54,7.85,290.39,186.68,1,-1,-1,-1
131,1,1597.80,10.91,334.86,236.35,1,-1,-1,-1
132,3,1258.25,-6.21,184.48,103.84,1,-1,-1,-1
132,2,137.13,2.93,442.68,179.23,1,-1,-1,-1
132,1,1583.93,17.02,354.58,277.21,1,-1,-1,-1
133,5,2.41,1.74,181.77,187.23,1,-1,-1,-1
133,4,1247.33,-0.25,263.90,160.99,1,-1,-1,-1
133,2,123.87,13.35,477.78,219.94,1,-1,-1,-1
133,1,1581.28,45.65,357.85,301.10,1,-1,-1,-1
134,5,-10.20,19.20,203.88,241.38,1,-1,-1,-1
134,4,1232.37,-0.43,317.44,191.44,1,-1,-1,-1
134,2,113.82,18.64,520.00,264.78,1,-1,-1,-1
134,1,1589.72,94.02,347.86,307.49,1,-1,-1,-1
135,4,1197.18,11.88,396.77,256.65,1,-1,-1,-1
135,2,98.92,63.47,533.62,305.56,1,-1,-1,-1
135,1,1597.81,188.40,337.23,308.47,1,-1,-1,-1
136,6,6.68,78.04,206.48,389.92,1,-1,-1,-1
136,4,1178.77,18.35,434.39,304.03,1,-1,-1,-1
136,2,97.72,116.13,513.73,324.42,1,-1,-1,-1
136,1,1595.21,254.02,334.86,311.15,1,-1,-1,-1
137,4,1165.34,27.36,454.47,345.36,1,-1,-1,-1
137,2,102.62,163.63,509.84,343.72,1,-1,-1,-1
137,1,1593.45,308.85,334.06,312.87,1,-1,-1,-1
138,7,0.63,184.30,238.65,387.79,1,-1,-1,-1
138,4,1163.19,57.12,456.52,370.40,1,-1,-1,-1
138,2,107.44,216.16,498.22,352.38,1,-1,-1,-1
138,1,1599.20,360.98,328.66,310.51,1,-1,-1,-1
139,7,0.23,233.80,236.51,385.25,1,-1,-1,-1
139,4,1164.38,99.29,451.58,383.95,1,-1,-1,-1
139,2,109.61,268.03,491.42,361.06,1,-1,-1,-1
139,1,1596.55,409.19,328.39,312.44,1,-1,-1,-1
140,7,-0.04,328.94,246.57,407.46,1,-1,-1,-1
140,4,1163.36,187.95,445.09,390.35,1,-1,-1,-1
140,2,118.57,357.14,500.89,367.98,1,-1,-1,-1
140,1,1597.90,496.88,327.52,316.93,1,-1,-1,-1
141,7,-0.90,357.43,266.38,452.69,1,-1,-1,-1
141,4,1167.98,256.47,437.39,390.41,1,-1,-1,-1
141,2,122.92,420.75,501.79,371.44,1,-1,-1,-1
141,1,1598.59,563.33,325.77,317.03,1,-1,-1,-1
142,7,-2.77,429.23,261.37,444.56,1,-1,-1,-1
142,4,1170.33,320.89,429.42,382.37,1,-1,-1,-1
142,2,127.39,473.69,497.95,373.29,1,-1,-1,-1
142,1,1595.72,613.42,327.49,323.49,1,-1,-1,-1
143,8,844.56,0.78,327.50,159.61,1,-1,-1,-1
143,7,-0.95,497.04,260.72,434.53,1,-1,-1,-1
143,4,1173.27,378.71,425.48,377.44,1,-1,-1,-1
143,2,124.83,529.24,480.07,369.63,1,-1,-1,-1
143,1,1590.20,666.79,331.25,328.66,1,-1,-1,-1
144,8,797.90,9.00,394.93,209.93,1,-1,-1,-1
144,7,-0.30,553.37,260.15,426.38,1,-1,-1,-1
144,4,1171.22,433.72,422.91,374.47,1,-1,-1,-1
144,2,121.74,584.66,462.41,366.30,1,-1,-1,-1
144,1,1589.54,738.70,331.98,319.41,1,-1,-1,-1
145,9,3.31,-5.52,85.78,154.07,1,-1,-1,-1
145,8,772.71,28.15,436.36,268.52,1,-1,-1,-1
145,7,-2.90,643.49,255.25,424.13,1,-1,-1,-1
145,2,121.52,674.25,454.92,375.02,1,-1,-1,-1
145,1,1592.18,846.39,333.20,274.05,1,-1,-1,-1
146,12,1634.10,949.75,266.92,144.96,1,-1,-1,-1
146,11,474.84,4.21,243.44,135.40,1,-1,-1,-1
146,10,1185.27,618.26,377.34,363.83,1,-1,-1,-1
146,8,768.45,68.68,437.08,300.02,1,-1,-1,-1
146,7,-8.58,706.17,237.86,404.29,1,-1,-1,-1
146,2,131.32,730.39,465.14,371.85,1,-1,-1,-1
147,13,-42.72,573.41,175.25,149.39,1,-1,-1,-1
147,11,344.77,-0.47,363.28,192.44,1,-1,-1,-1
147,10,1182.97,671.98,382.69,367.70,1,-1,-1,-1
147,8,772.46,114.42,425.12,316.74,1,-1,-1,-1
147,2,136.62,768.56,442.80,357.27,1,-1,-1,-1
147,1,1602.47,445.68,324.45,264.94,1,-1,-1,-1
148,11,309.60,7.34,412.46,232.19,1,-1,-1,-1
148,10,1172.13,722.40,386.60,368.25,1,-1,-1,-1
148,8,774.97,165.31,411.42,325.83,1,-1,-1,-1
148,2,138.24,807.71,457.04,329.07,1,-1,-1,-1
149,11,385.90,28.12,354.69,250.23,1,-1,-1,-1
149,10,1174.31,768.71,366.85,339.05,1,-1,-1,-1
149,8,780.30,218.95,399.56,331.75,1,-1,-1,-1
150,14,16.56,903.14,202.12,198.54,1,-1,-1,-1
150,11,363.99,66.65,376.75,288.50,1,-1,-1,-1
150,10,1187.89,855.91,315.73,265.72,1,-1,-1,-1
150,8,781.58,311.53,391.58,337.46,1,-1,-1,-1
150,7,-1.72,927.19,233.34,225.10,1,-1,-1,-1
151,17,319.23,77.82,312.79,338.68,1,-1,-1,-1
151,14,37.13,980.85,185.91,121.45,1,-1,-1,-1
151,11,325.53,103.78,397.15,320.20,1,-1,-1,-1
151,10,1210.23,921.74,267.70,198.90,1,-1,-1,-1
151,8,779.58,376.97,390.02,351.25,1,-1,-1,-1
152,11,284.14,135.93,384.48,319.92,1,-1,-1,-1
152,8,782.65,436.18,382.58,350.92,1,-1,-1,-1
153,16,0.08,969.01,67.80,119.15,1,-1,-1,-1
153,11,277.22,187.11,383.35,328.17,1,-1,-1,-1
153,8,785.47,494.19,374.77,352.26,1,-1,-1,-1
154,11,283.29,242.93,378.60,331.02,1,-1,-1,-1
154,8,784.58,554.91,371.07,354.92,1,-1,-1,-1
155,16,-1.61,584.92,69.13,144.39,1,-1,-1,-1
155,11,287.71,323.95,400.11,342.23,1,-1,-1,-1
155,8,780.07,649.70,370.16,356.98,1,-1,-1,-1
156,11,281.22,389.86,409.34,340.14,1,-1,-1,-1
156,8,781.93,721.27,367.44,359.49,1,-1,-1,-1
157,18,1605.23,864.61,177.34,243.70,1,-1,-1,-1
157,16,-6.35,577.31,79.74,195.75,1,-1,-1,-1
157,11,260.60,447.51,397.78,333.58,1,-1,-1,-1
157,8,783.33,772.07,362.59,346.70,1,-1,-1,-1
158,19,1531.39,6.79,390.03,201.33,1,-1,-1,-1
158,16,-6.14,602.76,83.60,230.56,1,-1,-1,-1
158,11,263.89,503.28,407.05,338.28,1,-1,-1,-1
158,8,782.02,825.98,359.40,313.66,1,-1,-1,-1
159,20,597.41,-10.43,282.59,165.87,1,-1,-1,-1
159,19,1509.86,15.97,430.06,249.85,1,-1,-1,-1
159,18,1065.52,3.31,158.06,119.19,1,-1,-1,-1
159,16,-6.34,649.23,83.74,253.64,1,-1,-1,-1
159,11,261.58,557.06,409.75,334.33,1,-1,-1,-1
159,8,798.11,880.17,349.03,270.00,1,-1,-1,-1
160,21,0.57,793.48,66.36,297.07,1,-1,-1,-1
160,19,1514.91,86.93,428.43,279.31,1,-1,-1,-1
160,11,260.63,647.38,409.49,331.27,1,-1,-1,-1
160,8,865.61,308.54,353.84,242.40,1,-1,-1,-1
161,24,0.74,844.24,60.88,246.80,1,-1,-1,-1
161,23,888.86,-2.51,358.63,256.63,1,-1,-1,-1
161,22,547.22,13.65,382.18,304.39,1,-1,-1,-1
161,19,1517.15,137.20,422.94,303.00,1,-1,-1,-1
161,11,252.10,704.60,413.05,338.15,1,-1,-1,-1
161,8,466.21,604.23,347.55,253.10,1,-1,-1,-1
162,26,2.09,907.54,62.20,186.40,1,-1,-1,-1
162,25,139.69,2.83,307.70,198.46,1,-1,-1,-1
162,22,541.69,64.30,396.87,321.51,1,-1,-1,-1
162,19,1511.86,194.65,422.62,312.93,1,-1,-1,-1
162,11,246.55,771.79,418.49,329.42,1,-1,-1,-1
162,8,511.81,271.27,365.00,275.15,1,-1,-1,-1
163,27,886.45,10.75,371.57,337.03,1,-1,-1,-1
163,25,115.12,13.74,338.02,243.95,1,-1,-1,-1
163,22,540.95,119.17,391.57,327.49,1,-1,-1,-1
163,19,1513.36,244.17,420.83,327.29,1,-1,-1,-1
163,11,233.46,820.15,404.12,308.46,1,-1,-1,-1
164,25,103.79,32.37,354.43,280.06,1,-1,-1,-1
164,23,872.75,71.85,401.90,326.11,1,-1,-1,-1
164,22,535.24,172.81,395.03,335.51,1,-1,-1,-1
164,19,1516.25,294.16,418.77,339.54,1,-1,-1,-1
165,25,101.32,137.74,343.54,285.37,1,-1,-1,-1
165,23,875.36,165.07,402.53,338.31,1,-1,-1,-1
165,22,529.81,278.89,395.35,340.44,1,-1,-1,-1
165,19,1521.27,389.04,413.98,347.54,1,-1,-1,-1
166,25,100.03,199.61,367.87,318.34,1,-1,-1,-1
166,23,877.64,233.50,402.16,347.27,1,-1,-1,-1
166,22,524.32,351.22,397.11,349.98,1,-1,-1,-1
166,19,1523.13,457.69,410.51,354.48,1,-1,-1,-1
167,25,105.61,258.42,379.69,330.24,1,-1,-1,-1
167,23,873.80,291.24,409.46,355.18,1,-1,-1,-1
167,22,519.46,408.57,403.34,361.72,1,-1,-1,-1
167,19,1523.76,524.11,401.18,353.62,1,-1,-1,-1
168,25,108.30,325.19,384.24,332.70,1,-1,-1,-1
168,23,877.32,351.44,407.64,355.87,1,-1,-1,-1
168,22,520.29,464.90,399.20,369.58,1,-1,-1,-1
168,19,1524.94,586.35,399.66,359.19,1,-1,-1,-1
169,25,107.63,389.57,390.70,338.52,1,-1,-1,-1
169,23,876.04,408.54,410.08,355.60,1,-1,-1,-1
169,22,524.22,526.64,394.84,372.56,1,-1,-1,-1
169,19,1525.61,640.65,396.56,363.87,1,-1,-1,-1
170,25,102.84,497.01,386.47,335.18,1,-1,-1,-1
170,23,880.39,514.85,402.70,353.01,1,-1,-1,-1
170,22,523.06,625.25,394.00,383.88,1,-1,-1,-1
170,19,1528.76,727.78,394.14,359.86,1,-1,-1,-1
171,25,101.12,576.28,388.73,335.73,1,-1,-1,-1
171,23,883.97,589.57,393.79,350.08,1,-1,-1,-1
171,22,523.94,693.08,392.24,391.33,1,-1,-1,-1
171,19,1527.40,792.23,387.77,334.52,1,-1,-1,-1
172,25,99.95,638.95,385.95,338.35,1,-1,-1,-1
172,23,885.12,663.04,387.55,348.19,1,-1,-1,-1
172,22,530.05,742.71,384.24,377.94,1,-1,-1,-1
172,19,1525.30,847.73,376.98,296.62,1,-1,-1,-1
173,29,1702.71,793.90,189.01,197.21,1,-1,-1,-1
173,28,-14.73,14.43,270.74,198.98,1,-1,-1,-1
173,25,99.15,694.97,391.79,347.96,1,-1,-1,-1
173,23,886.25,727.23,382.50,347.59,1,-1,-1,-1
173,22,543.29,794.93,372.26,345.42,1,-1,-1,-1
174,30,583.31,7.70,406.69,255.05,1,-1,-1,-1
174,29,1710.86,874.64,190.13,197.17,1,-1,-1,-1
174,28,-22.30,24.46,279.06,246.22,1,-1,-1,-1
174,25,93.41,758.40,397.62,345.07,1,-1,-1,-1
174,23,892.31,780.67,377.05,335.09,1,-1,-1,-1
175,31,685.43,985.36,191.00,107.28,1,-1,-1,-1
175,30,562.29,83.16,444.63,325.08,1,-1,-1,-1
175,25,109.52,834.28,386.72,303.37,1,-1,-1,-1
175,22,819.79,887.43,350.69,273.68,1,-1,-1,-1
176,32,4.57,154.53,313.11,344.86,1,-1,-1,-1
176,31,960.08,983.21,218.26,110.78,1,-1,-1,-1
176,30,573.98,141.97,419.72,331.01,1,-1,-1,-1
176,25,150.29,894.16,358.57,260.60,1,-1,-1,-1
177,32,-1.05,218.91,294.16,334.06,1,-1,-1,-1
177,30,577.51,211.23,407.31,339.53,1,-1,-1,-1
177,22,372.40,963.03,307.05,195.28,1,-1,-1,-1
178,32,-1.18,291.61,270.12,319.15,1,-1,-1,-1
179,32,-0.29,363.02,252.44,312.69,1,-1,-1,-1
180,32,0.56,467.92,252.50,322.38,1,-1,-1,-1
180,30,579.98,472.63,407.13,368.90,1,-1,-1,-1
181,32,12.18,532.28,290.77,353.49,1,-1,-1,-1
181,30,592.78,541.88,389.29,349.33,1,-1,-1,-1
182,34,319.87,7.16,446.14,248.93,1,-1,-1,-1
182,33,1.78,1.16,222.24,171.11,1,-1,-1,-1
182,32,11.54,591.61,299.55,347.78,1,-1,-1,-1
182,30,592.78,607.93,386.36,354.14,1,-1,-1,-1
183,36,1428.22,8.51,246.67,141.41,1,-1,-1,-1
183,35,1112.48,12.16,228.01,151.24,1,-1,-1,-1
183,34,304.11,31.02,468.07,296.89,1,-1,-1,-1
183,33,-8.19,17.70,241.62,209.94,1,-1,-1,-1
183,32,13.34,652.66,315.16,348.63,1,-1,-1,-1
183,30,603.92,673.55,377.92,342.39,1,-1,-1,-1
184,39,762.77,6.66,224.52,108.20,1,-1,-1,-1
184,38,963.44,6.45,384.50,216.39,1,-1,-1,-1
184,37,1256.94,6.56,427.22,211.72,1,-1,-1,-1
184,35,1099.68,19.00,249.33,194.61,1,-1,-1,-1
184,34,313.17,83.42,454.80,313.39,1,-1,-1,-1
184,33,-6.54,75.97,236.63,217.72,1,-1,-1,-1
184,32,9.22,714.31,325.91,359.65,1,-1,-1,-1
184,30,603.33,741.58,376.42,347.14,1,-1,-1,-1
185,41,682.27,-22.16,378.49,304.02,1,-1,-1,-1
185,39,647.57,12.25,446.04,230.67,1,-1,-1,-1
185,38,960.52,48.82,414.28,273.71,1,-1,-1,-1
185,37,1128.36,752.50,241.31,156.87,1,-1,-1,-1
185,35,1259.99,52.86,358.09,276.85,1,-1,-1,-1
185,34,310.40,190.67,461.61,336.93,1,-1,-1,-1
185,33,-5.82,183.92,235.69,229.31,1,-1,-1,-1
185,32,10.63,810.43,317.89,315.67,1,-1,-1,-1
185,30,573.09,835.08,329.61,304.85,1,-1,-1,-1
186,44,319.70,257.90,436.40,355.74,1,-1,-1,-1
186,43,620.37,953.88,204.58,131.52,1,-1,-1,-1
186,39,1150.56,113.59,463.23,270.37,1,-1,-1,-1
186,38,728.87,23.87,421.39,300.59,1,-1,-1,-1
186,35,1079.19,92.40,366.19,302.02,1,-1,-1,-1
186,33,256.57,253.47,341.27,330.24,1,-1,-1,-1
186,32,-9.90,449.32,281.03,289.40,1,-1,-1,-1
186,30,578.57,909.29,294.45,249.92,1,-1,-1,-1
187,40,670.94,39.21,449.45,312.53,1,-1,-1,-1
187,36,1267.23,189.09,418.66,279.12,1,-1,-1,-1
187,35,1013.69,147.90,372.15,318.28,1,-1,-1,-1
187,33,349.33,343.79,375.73,348.07,1,-1,-1,-1
187,32,-11.41,363.26,256.48,277.42,1,-1,-1,-1
188,40,655.16,77.08,458.70,366.45,1,-1,-1,-1
188,36,1267.86,250.88,408.29,287.32,1,-1,-1,-1
188,35,1016.10,207.78,356.15,321.39,1,-1,-1,-1
188,34,310.67,405.54,448.75,362.24,1,-1,-1,-1
188,32,-8.14,365.21,237.88,265.60,1,-1,-1,-1
189,40,651.85,122.43,460.78,395.94,1,-1,-1,-1
189,36,1264.43,311.31,412.55,298.27,1,-1,-1,-1
189,35,1025.23,269.69,340.02,321.70,1,-1,-1,-1
189,34,326.82,456.40,430.94,374.76,1,-1,-1,-1
189,32,-4.31,410.17,223.72,258.07,1,-1,-1,-1
190,40,527.76,-10.09,396.90,297.95,1,-1,-1,-1
190,36,1266.25,420.87,409.33,303.18,1,-1,-1,-1
190,35,1030.96,376.69,329.12,321.16,1,-1,-1,-1
190,34,581.40,346.70,407.71,378.04,1,-1,-1,-1
190,32,-0.83,502.22,216.42,259.79,1,-1,-1,-1
191,46,333.50,662.40,408.90,356.26,1,-1,-1,-1
191,40,445.25,-27.55,358.14,258.46,1,-1,-1,-1
191,36,1272.95,507.39,403.35,298.29,1,-1,-1,-1
191,35,1037.81,459.38,324.48,318.37,1,-1,-1,-1
191,33,674.35,337.25,439.01,418.03,1,-1,-1,-1
192,47,4.25,650.78,223.27,311.33,1,-1,-1,-1
192,46,324.79,720.15,411.50,366.36,1,-1,-1,-1
192,36,1279.18,579.12,401.10,299.32,1,-1,-1,-1
192,35,1042.18,533.74,317.59,313.83,1,-1,-1,-1
192,33,705.09,382.66,434.79,413.61,1,-1,-1,-1
192,32,376.19,118.03,263.86,248.59,1,-1,-1,-1
193,47,3.85,729.87,215.74,296.48,1,-1,-1,-1
193,46,333.61,777.31,400.06,332.67,1,-1,-1,-1
193,40,416.91,28.20,366.25,259.63,1,-1,-1,-1
193,36,1279.10,647.33,403.55,304.58,1,-1,-1,-1
193,35,1046.37,599.38,313.44,311.99,1,-1,-1,-1
193,34,1199.42,608.16,399.31,345.53,1,-1,-1,-1
193,33,688.99,437.32,458.93,424.42,1,-1,-1,-1
193,32,447.91,65.89,293.21,248.51,1,-1,-1,-1
195,56,22.28,13.56,405.23,365.84,1,-1,-1,-1
195,54,1310.38,835.65,364.01,255.93,1,-1,-1,-1
195,53,908.36,23.49,355.24,348.42,1,-1,-1,-1
195,52,471.57,271.75,301.51,215.39,1,-1,-1,-1
195,51,-15.43,37.56,133.36,248.51,1,-1,-1,-1
195,50,1050.43,799.45,299.26,290.66,1,-1,-1,-1
195,47,19.03,930.97,186.97,179.38,1,-1,-1,-1
195,35,771.55,681.78,374.99,369.37,1,-1,-1,-1
196,55,710.24,721.31,421.91,369.61,1,-1,-1,-1
196,54,1323.80,898.68,331.82,204.08,1,-1,-1,-1
196,52,474.64,347.62,293.79,212.92,1,-1,-1,-1
196,50,26.96,144.93,195.94,258.06,1,-1,-1,-1
196,48,915.36,18.20,345.27,330.09,1,-1,-1,-1
196,35,724.27,726.72,399.27,375.43,1,-1,-1,-1
196,34,1325.64,861.26,382.02,258.75,1,-1,-1,-1
196,33,991.74,778.42,410.83,349.34,1,-1,-1,-1
196,32,116.64,76.63,364.04,323.28,1,-1,-1,-1
197,55,1188.67,922.35,303.01,201.24,1,-1,-1,-1
197,54,1328.98,958.34,313.72,146.72,1,-1,-1,-1
197,53,911.14,32.86,345.40,378.27,1,-1,-1,-1
197,52,477.13,406.14,290.14,214.90,1,-1,-1,-1
197,40,33.90,135.95,420.25,357.44,1,-1,-1,-1
197,35,705.23,768.87,394.45,359.08,1,-1,-1,-1
197,32,74.62,93.13,358.98,312.18,1,-1,-1,-1
198,54,1021.33,824.69,355.06,209.29,1,-1,-1,-1
198,53,917.13,75.50,343.35,407.97,1,-1,-1,-1
198,52,472.29,465.46,309.19,226.98,1,-1,-1,-1
198,49,743.69,863.34,256.83,218.14,1,-1,-1,-1
199,58,2.35,279.00,126.38,309.01,1,-1,-1,-1
199,57,117.95,216.78,285.60,375.66,1,-1,-1,-1
199,55,1634.87,467.09,228.76,181.62,1,-1,-1,-1
199,54,775.48,899.55,258.16,172.34,1,-1,-1,-1
199,53,922.10,127.22,336.94,414.67,1,-1,-1,-1
199,52,477.85,531.83,319.16,230.83,1,-1,-1,-1
199,49,935.98,817.31,263.76,248.89,1,-1,-1,-1
199,48,936.83,136.72,305.86,324.99,1,-1,-1,-1
199,32,83.51,192.59,349.61,275.14,1,-1,-1,-1
200,58,55.10,350.95,317.05,480.96,1,-1,-1,-1
200,57,121.37,348.07,315.55,355.91,1,-1,-1,-1
200,52,474.26,626.66,316.60,236.01,1,-1,-1,-1
200,49,1014.11,871.89,242.22,217.37,1,-1,-1,-1
200,48,930.15,263.65,288.73,312.76,1,-1,-1,-1
200,33,1219.94,68.41,361.84,223.11,1,-1,-1,-1
201,59,14.59,441.01,425.37,443.25,1,-1,-1,-1
201,53,236.85,386.24,340.10,391.88,1,-1,-1,-1
201,52,450.95,673.30,330.39,263.85,1,-1,-1,-1
201,48,930.15,349.44,282.72,312.39,1,-1,-1,-1
201,33,1245.84,4.91,317.92,200.72,1,-1,-1,-1
202,57,48.74,494.37,397.33,449.81,1,-1,-1,-1
202,52,442.33,720.25,334.34,281.25,1,-1,-1,-1
202,48,934.61,425.91,289.08,331.51,1,-1,-1,-1
202,33,1232.35,-3.37,327.90,211.90,1,-1,-1,-1
202,32,77.52,473.48,353.48,313.37,1,-1,-1,-1
203,52,454.74,804.17,321.77,270.55,1,-1,-1,-1
203,33,1215.45,3.72,349.66,239.02,1,-1,-1,-1
203,32,81.00,546.67,350.43,303.30,1,-1,-1,-1
204,52,463.49,863.95,311.07,252.51,1,-1,-1,-1
204,48,953.22,553.13,281.49,333.51,1,-1,-1,-1
204,33,1210.79,35.17,355.14,258.98,1,-1,-1,-1
204,32,91.69,606.27,339.98,285.70,1,-1,-1,-1
205,63,999.16,13.11,313.24,173.44,1,-1,-1,-1
205,62,560.70,18.60,427.10,269.60,1,-1,-1,-1
205,48,938.77,612.11,297.90,353.64,1,-1,-1,-1
205,33,1199.11,124.19,364.62,278.89,1,-1,-1,-1
206,66,-0.61,755.05,109.35,329.25,1,-1,-1,-1
206,63,981.99,20.02,351.35,228.81,1,-1,-1,-1
206,62,533.65,23.64,464.67,335.39,1,-1,-1,-1
206,60,-0.46,98.16,249.72,281.98,1,-1,-1,-1
206,57,1345.94,811.66,366.97,330.30,1,-1,-1,-1
206,52,807.47,769.68,352.57,311.47,1,-1,-1,-1
206,48,950.92,689.13,292.15,370.58,1,-1,-1,-1
206,33,1191.97,194.22,371.51,293.97,1,-1,-1,-1
206,32,85.50,785.76,330.11,275.48,1,-1,-1,-1
207,67,1501.16,6.79,212.08,139.66,1,-1,-1,-1
207,66,2.59,823.84,104.65,280.83,1,-1,-1,-1
207,64,2.24,165.68,243.49,282.10,1,-1,-1,-1
207,63,972.43,31.54,364.65,274.74,1,-1,-1,-1
207,62,513.58,40.00,508.07,394.85,1,-1,-1,-1
207,61,1505.52,3.73,203.33,145.77,1,-1,-1,-1
207,33,1185.14,265.50,367.97,301.31,1,-1,-1,-1
207,32,91.81,856.45,325.14,247.91,1,-1,-1,-1
208,68,0.84,924.30,100.28,165.06,1,-1,-1,-1
208,65,130.03,955.61,218.57,140.74,1,-1,-1,-1
208,64,0.87,227.95,240.81,280.99,1,-1,-1,-1
208,63,976.97,60.25,358.77,301.58,1,-1,-1,-1
208,62,505.24,87.96,511.66,415.94,1,-1,-1,-1
208,52,976.98,824.31,294.96,292.07,1,-1,-1,-1
208,33,1181.87,327.36,374.58,312.27,1,-1,-1,-1
209,64,2.48,299.52,242.85,283.10,1,-1,-1,-1
209,63,978.20,109.46,349.80,319.38,1,-1,-1,-1
209,62,506.95,149.87,507.27,421.18,1,-1,-1,-1
209,48,981.57,854.14,284.80,293.53,1,-1,-1,-1
209,33,1179.97,381.55,373.74,321.14,1,-1,-1,-1
210,67,826.93,-5.88,287.65,166.05,1,-1,-1,-1
210,64,5.05,419.10,251.15,286.34,1,-1,-1,-1
210,63,975.51,215.84,353.78,332.52,1,-1,-1,-1
210,62,500.99,259.14,510.68,427.61,1,-1,-1,-1
210,33,1176.20,475.47,378.71,332.91,1,-1,-1,-1
211,67,766.76,1.63,312.92,191.09,1,-1,-1,-1
211,64,7.06,493.28,266.36,295.95,1,-1,-1,-1
211,63,971.89,289.22,355.13,340.40,1,-1,-1,-1
211,62,508.75,340.51,504.01,425.58,1,-1,-1,-1
211,33,1169.13,553.22,386.76,342.80,1,-1,-1,-1
212,64,3.15,557.91,268.58,299.47,1,-1,-1,-1
212,63,974.20,355.53,355.16,343.78,1,-1,-1,-1
212,62,509.85,411.89,502.75,430.98,1,-1,-1,-1
213,70,1156.98,692.67,366.70,370.18,1,-1,-1,-1
213,69,817.30,64.52,311.90,270.48,1,-1,-1,-1
213,64,2.44,628.61,271.02,301.82,1,-1,-1,-1
213,63,973.10,422.23,357.34,345.06,1,-1,-1,-1
213,62,511.04,476.98,492.02,431.48,1,-1,-1,-1
214,69,1281.50,-6.26,252.08,178.28,1,-1,-1,-1
214,64,567.04,302.11,284.98,295.41,1,-1,-1,-1
214,63,301.65,611.65,335.44,335.65,1,-1,-1,-1
214,62,502.47,539.67,488.22,437.72,1,-1,-1,-1
214,48,996.73,554.59,311.03,315.55,1,-1,-1,-1
214,33,1169.77,719.50,389.99,352.72,1,-1,-1,-1
215,71,1278.49,-23.24,273.95,317.29,1,-1,-1,-1
215,70,1213.05,819.97,316.23,281.59,1,-1,-1,-1
215,64,770.86,259.02,291.16,296.50,1,-1,-1,-1
215,62,514.59,641.47,473.36,436.93,1,-1,-1,-1
215,48,995.23,595.92,323.23,328.67,1,-1,-1,-1
215,33,1186.90,790.78,375.81,321.47,1,-1,-1,-1
216,73,13.00,843.56,301.10,254.25,1,-1,-1,-1
216,72,22.11,7.86,409.55,274.04,1,-1,-1,-1
216,70,1280.20,878.52,252.95,222.37,1,-1,-1,-1
216,64,835.73,252.94,302.80,319.47,1,-1,-1,-1
216,62,521.65,708.09,459.73,416.25,1,-1,-1,-1
216,48,992.91,652.93,325.19,329.84,1,-1,-1,-1
217,70,1312.81,946.85,202.56,154.39,1,-1,-1,-1
217,64,1149.73,126.76,312.21,322.89,1,-1,-1,-1
217,63,-5.11,872.13,341.83,263.70,1,-1,-1,-1
217,62,525.87,763.66,444.04,381.46,1,-1,-1,-1
217,48,1166.76,828.27,312.08,260.61,1,-1,-1,-1
217,33,1027.79,765.68,358.26,324.34,1,-1,-1,-1
218,77,805.86,354.32,299.34,359.95,1,-1,-1,-1
218,76,17.86,46.30,396.91,355.78,1,-1,-1,-1
218,74,1249.98,117.57,320.49,333.08,1,-1,-1,-1
218,64,1259.76,117.12,317.96,330.18,1,-1,-1,-1
218,48,1244.77,929.87,307.44,194.08,1,-1,-1,-1
218,33,997.38,785.96,352.11,317.80,1,-1,-1,-1
219,78,632.32,913.11,279.17,177.71,1,-1,-1,-1
219,77,800.05,407.14,307.48,381.04,1,-1,-1,-1
219,74,1248.50,176.76,319.97,334.53,1,-1,-1,-1
219,48,1086.92,903.35,315.12,202.81,1,-1,-1,-1
220,77,797.03,527.67,303.80,380.34,1,-1,-1,-1
220,74,1243.85,291.43,311.85,328.88,1,-1,-1,-1
220,48,1030.32,949.51,289.51,172.67,1,-1,-1,-1
221,80,24.32,302.30,374.57,350.20,1,-1,-1,-1
221,77,791.33,596.65,307.65,389.56,1,-1,-1,-1
221,74,1242.48,367.89,308.74,328.11,1,-1,-1,-1
222,81,1003.91,-0.05,234.31,212.12,1,-1,-1,-1
222,80,11.97,362.65,383.80,359.97,1,-1,-1,-1
222,77,791.58,666.72,303.43,385.02,1,-1,-1,-1
222,76,694.46,639.43,422.62,394.19,1,-1,-1,-1
222,74,1241.87,439.14,308.14,326.50,1,-1,-1,-1
223,81,953.08,8.62,287.70,260.81,1,-1,-1,-1
223,80,1.27,418.66,390.39,368.13,1,-1,-1,-1
223,77,782.80,723.52,305.78,380.56,1,-1,-1,-1
223,74,1238.63,500.25,306.86,326.27,1,-1,-1,-1
224,81,935.03,35.93,309.29,295.14,1,-1,-1,-1
224,80,-0.95,480.89,389.60,369.90,1,-1,-1,-1
224,77,785.68,776.30,299.02,350.77,1,-1,-1,-1
224,74,1235.78,557.63,307.49,325.57,1,-1,-1,-1
225,74,1236.01,664.71,311.94,330.12,1,-1,-1,-1
225,48,1024.62,114.40,275.50,177.86,1,-1,-1,-1
226,82,5.26,683.49,375.58,363.71,1,-1,-1,-1
226,81,379.87,-17.91,290.37,235.33,1,-1,-1,-1
226,74,1228.10,744.72,313.34,335.27,1,-1,-1,-1
226,48,995.27,34.45,329.50,218.41,1,-1,-1,-1
227,84,1813.62,786.56,107.98,296.98,1,-1,-1,-1
227,82,2.29,738.44,374.71,354.50,1,-1,-1,-1
227,81,275.19,-9.59,276.29,225.98,1,-1,-1,-1
227,74,1222.19,806.93,321.48,314.15,1,-1,-1,-1
227,48,972.39,16.15,371.89,262.83,1,-1,-1,-1
228,86,800.10,198.82,435.33,475.55,1,-1,-1,-1
228,85,-4.84,6.24,332.95,229.58,1,-1,-1,-1
228,82,12.78,804.96,350.35,303.77,1,-1,-1,-1
228,81,244.74,41.03,268.64,224.52,1,-1,-1,-1
228,74,1216.86,858.88,322.19,279.16,1,-1,-1,-1
228,48,957.44,27.66,388.48,297.75,1,-1,-1,-1
229,86,796.50,272.96,424.84,445.41,1,-1,-1,-1
229,84,179.15,869.24,180.43,243.78,1,-1,-1,-1
229,83,865.75,379.08,361.92,320.93,1,-1,-1,-1
229,82,19.87,862.11,333.27,250.84,1,-1,-1,-1
229,81,46.95,54.67,290.46,235.58,1,-1,-1,-1
229,80,268.73,160.95,271.96,240.09,1,-1,-1,-1
229,74,1231.05,917.14,311.63,229.55,1,-1,-1,-1
229,48,947.16,73.56,403.94,326.98,1,-1,-1,-1
230,86,792.72,400.39,418.23,430.08,1,-1,-1,-1
230,85,-19.44,152.40,342.48,277.00,1,-1,-1,-1
230,80,289.94,224.92,249.25,223.60,1,-1,-1,-1
230,48,938.04,182.82,408.90,346.19,1,-1,-1,-1
231,87,3.63,114.96,329.50,420.12,1,-1,-1,-1
231,80,293.67,287.72,241.74,221.34,1,-1,-1,-1
231,48,925.65,269.78,411.67,362.57,1,-1,-1,-1
232,87,-5.27,166.71,320.00,428.41,1,-1,-1,-1
232,80,297.48,359.23,238.01,219.58,1,-1,-1,-1
232,48,920.37,344.01,408.42,376.19,1,-1,-1,-1
233,87,-2.00,217.71,317.31,424.72,1,-1,-1,-1
233,80,296.91,433.96,233.68,218.79,1,-1,-1,-1
233,48,911.87,415.06,416.27,388.06,1,-1,-1,-1
234,88,1734.51,552.85,182.93,156.52,1,-1,-1,-1
234,87,-2.21,283.91,311.80,420.42,1,-1,-1,-1
234,80,295.76,501.50,225.59,214.16,1,-1,-1,-1
234,48,920.58,486.65,410.77,395.88,1,-1,-1,-1
235,89,970.72,19.06,261.88,212.64,1,-1,-1,-1
235,88,1671.31,145.81,262.42,269.59,1,-1,-1,-1
235,85,-29.74,471.10,350.13,360.88,1,-1,-1,-1
235,80,292.77,616.36,225.72,217.28,1,-1,-1,-1
235,48,915.50,607.88,406.51,403.67,1,-1,-1,-1
236,91,807.86,854.76,179.80,196.05,1,-1,-1,-1
236,90,870.94,5.50,335.46,293.06,1,-1,-1,-1
236,89,950.83,23.13,271.19,259.85,1,-1,-1,-1
236,88,1670.59,59.21,259.36,267.86,1,-1,-1,-1
236,80,289.70,703.30,223.96,213.75,1,-1,-1,-1
236,48,909.71,687.93,405.28,392.00,1,-1,-1,-1
237,95,1333.47,9.62,357.52,297.40,1,-1,-1,-1
237,93,1360.24,-16.56,304.03,349.77,1,-1,-1,-1
237,90,840.40,19.28,369.92,342.20,1,-1,-1,-1
237,89,928.60,36.81,289.65,307.87,1,-1,-1,-1
237,88,1674.35,99.46,254.48,267.31,1,-1,-1,-1
237,80,287.38,775.98,226.54,210.08,1,-1,-1,-1
237,48,913.89,748.35,403.98,365.00,1,-1,-1,-1
238,95,1318.21,19.69,387.34,360.64,1,-1,-1,-1
238,89,896.45,86.68,312.49,337.39,1,-1,-1,-1
238,88,1678.50,165.34,248.72,256.96,1,-1,-1,-1
238,80,285.97,852.39,224.22,205.35,1,-1,-1,-1
238,48,906.19,811.45,402.62,321.30,1,-1,-1,-1
239,98,974.57,172.82,215.70,324.19,1,-1,-1,-1
239,95,1313.92,56.23,391.22,383.87,1,-1,-1,-1
239,91,982.18,926.92,247.09,175.94,1,-1,-1,-1
239,89,874.63,152.45,327.33,345.80,1,-1,-1,-1
239,88,1673.32,247.36,250.94,255.83,1,-1,-1,-1
239,80,281.22,903.63,225.93,188.42,1,-1,-1,-1
239,48,917.36,859.49,394.93,279.84,1,-1,-1,-1
240,101,-4.36,417.22,106.47,343.92,1,-1,-1,-1
240,89,1185.67,198.88,355.75,374.08,1,-1,-1,-1
240,88,1673.29,371.22,252.04,262.96,1,-1,-1,-1
240,48,869.95,516.66,371.04,287.03,1,-1,-1,-1
241,100,990.35,406.60,190.96,279.04,1,-1,-1,-1
241,98,914.85,374.33,255.61,329.67,1,-1,-1,-1
241,97,0.89,477.19,91.92,416.79,1,-1,-1,-1
241,89,1288.37,262.86,368.58,390.52,1,-1,-1,-1
241,88,1673.06,476.71,251.45,258.90,1,-1,-1,-1
242,98,895.76,462.19,260.94,310.23,1,-1,-1,-1
242,89,1324.51,317.34,370.31,394.60,1,-1,-1,-1
242,88,1671.15,563.04,251.50,258.41,1,-1,-1,-1
242,48,907.81,480.23,310.46,282.08,1,-1,-1,-1
243,98,921.50,542.76,235.26,294.34,1,-1,-1,-1
243,89,1329.33,379.43,378.19,405.25,1,-1,-1,-1
243,88,1669.30,641.79,251.96,259.73,1,-1,-1,-1
244,102,-2.09,623.98,91.53,450.14,1,-1,-1,-1
244,98,914.51,614.48,232.73,289.45,1,-1,-1,-1
244,97,-1.38,686.96,74.84,347.62,1,-1,-1,-1
244,89,1324.86,443.72,377.82,405.52,1,-1,-1,-1
244,88,1652.76,682.63,267.70,290.91,1,-1,-1,-1
244,48,1246.78,88.74,318.46,247.11,1,-1,-1,-1
245,102,731.14,666.27,195.61,420.86,1,-1,-1,-1
245,101,-1.32,754.23,97.17,333.00,1,-1,-1,-1
245,100,1322.19,597.20,325.78,395.70,1,-1,-1,-1
245,98,910.84,729.54,229.43,286.93,1,-1,-1,-1
245,97,-0.68,773.28,69.45,319.50,1,-1,-1,-1
245,88,1643.94,772.04,274.51,296.34,1,-1,-1,-1
245,48,1315.78,47.00,322.54,267.27,1,-1,-1,-1
246,103,783.98,7.04,420.26,264.81,1,-1,-1,-1
246,102,222.26,743.47,146.69,377.57,1,-1,-1,-1
246,101,-5.22,846.30,72.69,270.98,1,-1,-1,-1
246,98,889.77,809.21,241.86,286.45,1,-1,-1,-1
246,97,-0.30,838.88,63.39,277.17,1,-1,-1,-1
246,89,1311.79,613.41,386.05,416.49,1,-1,-1,-1
246,88,1663.79,842.79,263.68,273.33,1,-1,-1,-1
246,48,1343.55,79.14,329.46,287.59,1,-1,-1,-1
247,103,762.14,18.90,459.41,324.95,1,-1,-1,-1
247,100,652.54,847.95,251.34,282.22,1,-1,-1,-1
247,98,883.63,852.39,249.82,272.83,1,-1,-1,-1
247,97,39.23,287.27,121.46,175.52,1,-1,-1,-1
247,89,1303.29,691.59,382.07,408.61,1,-1,-1,-1
247,88,1689.13,901.62,246.59,237.36,1,-1,-1,-1
247,48,1352.55,135.71,330.57,299.59,1,-1,-1,-1
248,103,780.30,45.50,445.68,354.87,1,-1,-1,-1
248,102,72.52,91.17,202.01,282.13,1,-1,-1,-1
248,100,596.39,267.10,256.79,231.21,1,-1,-1,-1
248,98,927.06,387.47,242.30,276.18,1,-1,-1,-1
248,89,1309.41,774.51,375.19,364.90,1,-1,-1,-1
248,48,1353.29,204.75,330.19,309.14,1,-1,-1,-1
249,103,149.56,7.81,366.78,312.70,1,-1,-1,-1
249,100,587.02,80.71,290.69,248.21,1,-1,-1,-1
249,98,875.50,217.26,288.25,325.04,1,-1,-1,-1
249,89,1311.78,843.76,373.38,310.94,1,-1,-1,-1
249,48,1351.05,261.94,328.52,319.50,1,-1,-1,-1
250,100,582.15,64.59,318.58,286.91,1,-1,-1,-1
250,98,844.96,241.83,320.11,355.65,1,-1,-1,-1
250,48,1346.67,377.25,322.10,324.34,1,-1,-1,-1
251,104,8.13,192.98,273.17,298.29,1,-1,-1,-1
251,100,575.08,102.60,339.23,312.05,1,-1,-1,-1
251,98,829.89,302.32,341.57,370.27,1,-1,-1,-1
251,88,1052.17,519.56,232.35,250.40,1,-1,-1,-1
251,48,1344.01,460.18,318.15,326.35,1,-1,-1,-1
252,105,1263.59,9.22,373.31,235.28,1,-1,-1,-1
252,104,17.24,248.63,304.15,304.32,1,-1,-1,-1
252,98,819.57,374.14,359.70,383.21,1,-1,-1,-1
252,89,1329.37,654.20,369.72,322.27,1,-1,-1,-1
252,88,928.57,511.55,262.19,269.88,1,-1,-1,-1
252,48,1012.84,442.24,338.17,346.18,1,-1,-1,-1
253,105,1259.85,16.89,392.87,281.27,1,-1,-1,-1
253,104,31.22,333.52,317.37,293.21,1,-1,-1,-1
253,100,572.46,229.09,358.36,335.75,1,-1,-1,-1
253,98,804.89,442.12,377.96,395.21,1,-1,-1,-1
253,89,1330.36,656.25,367.09,322.94,1,-1,-1,-1
254,105,1255.89,64.27,400.19,308.57,1,-1,-1,-1
254,104,41.08,416.21,314.72,278.01,1,-1,-1,-1
254,98,804.81,510.33,387.19,401.57,1,-1,-1,-1
254,89,1333.67,701.82,368.83,324.04,1,-1,-1,-1
254,88,651.13,392.78,314.57,311.33,1,-1,-1,-1
255,106,815.42,683.22,386.81,393.41,1,-1,-1,-1
255,105,1258.93,182.96,393.67,323.44,1,-1,-1,-1
255,104,45.97,563.16,293.92,257.20,1,-1,-1,-1
255,89,1342.81,805.10,361.96,290.13,1,-1,-1,-1
255,48,659.84,486.35,345.43,333.92,1,-1,-1,-1
256,107,1767.71,9.73,159.04,182.32,1,-1,-1,-1
256,106,950.39,845.08,279.27,291.00,1,-1,-1,-1
256,105,1263.22,261.72,388.98,333.08,1,-1,-1,-1
256,104,74.66,667.26,278.39,242.94,1,-1,-1,-1
256,100,317.44,10.12,368.35,297.94,1,-1,-1,-1
256,48,606.52,543.13,349.08,322.28,1,-1,-1,-1
257,109,993.32,893.71,204.32,188.94,1,-1,-1,-1
257,108,864.38,835.27,332.52,253.34,1,-1,-1,-1
257,107,1759.59,25.33,173.88,238.72,1,-1,-1,-1
257,105,1272.05,339.39,378.61,336.59,1,-1,-1,-1
257,100,274.18,-9.89,339.98,285.84,1,-1,-1,-1
257,98,1560.76,106.23,302.47,344.71,1,-1,-1,-1
257,88,830.86,33.31,277.95,271.85,1,-1,-1,-1
257,48,592.58,608.60,346.33,317.28,1,-1,-1,-1
258,110,878.39,11.28,279.01,224.34,1,-1,-1,-1
258,107,1755.91,35.73,180.61,290.11,1,-1,-1,-1
258,105,1277.29,407.88,371.01,342.74,1,-1,-1,-1
258,100,265.90,37.91,323.37,287.68,1,-1,-1,-1
258,48,585.59,683.58,347.52,317.06,1,-1,-1,-1
259,110,1717.04,215.96,178.90,179.40,1,-1,-1,-1
259,107,1758.28,72.32,180.44,335.07,1,-1,-1,-1
259,105,1284.99,469.72,363.16,347.88,1,-1,-1,-1
259,104,115.60,856.36,226.40,229.07,1,-1,-1,-1
259,100,268.88,104.54,312.79,294.66,1,-1,-1,-1
259,88,855.60,0.38,275.95,293.71,1,-1,-1,-1
259,48,585.85,753.70,348.73,314.35,1,-1,-1,-1
260,107,1756.68,194.33,182.41,391.83,1,-1,-1,-1
260,105,1297.97,573.80,359.39,351.87,1,-1,-1,-1
260,100,269.71,226.12,316.04,307.80,1,-1,-1,-1
260,88,835.47,77.71,300.78,314.57,1,-1,-1,-1
260,48,611.17,847.19,337.15,270.11,1,-1,-1,-1
261,107,1759.86,258.63,175.43,408.24,1,-1,-1,-1
261,105,1307.36,652.85,353.02,357.56,1,-1,-1,-1
261,100,260.95,316.55,333.25,322.31,1,-1,-1,-1
261,88,830.23,149.95,317.89,325.12,1,-1,-1,-1
261,48,625.77,918.71,325.02,219.90,1,-1,-1,-1
262,107,1766.32,336.61,167.93,424.77,1,-1,-1,-1
262,105,1317.50,732.17,352.68,357.85,1,-1,-1,-1
262,100,264.62,398.14,357.71,331.38,1,-1,-1,-1
262,88,854.16,224.39,315.02,328.93,1,-1,-1,-1
263,107,1773.33,114.81,158.53,406.60,1,-1,-1,-1
263,105,1327.44,792.05,346.17,336.89,1,-1,-1,-1
263,100,265.32,470.51,375.05,340.17,1,-1,-1,-1
263,88,873.65,298.87,307.75,327.13,1,-1,-1,-1
264,107,1781.38,212.54,147.11,421.36,1,-1,-1,-1
264,105,1333.21,855.97,337.76,293.30,1,-1,-1,-1
264,100,265.88,544.10,386.06,348.04,1,-1,-1,-1
264,88,880.83,370.49,302.87,328.27,1,-1,-1,-1
265,107,1789.33,160.46,141.24,432.98,1,-1,-1,-1
265,105,1599.72,749.14,277.85,303.30,1,-1,-1,-1
265,100,269.45,661.79,389.83,360.62,1,-1,-1,-1
265,88,860.45,487.63,312.68,329.25,1,-1,-1,-1
266,111,1200.29,-1.09,195.38,191.08,1,-1,-1,-1
266,100,282.17,739.89,381.46,348.71,1,-1,-1,-1
266,88,851.49,581.64,319.81,335.83,1,-1,-1,-1
267,111,1159.09,5.43,262.07,264.86,1,-1,-1,-1
267,107,1787.65,225.30,140.31,451.24,1,-1,-1,-1
267,105,1736.79,794.48,218.86,294.74,1,-1,-1,-1
267,100,289.13,796.67,377.53,322.78,1,-1,-1,-1
267,88,849.45,657.11,326.07,338.81,1,-1,-1,-1
268,112,512.48,6.64,307.25,192.95,1,-1,-1,-1
268,111,1169.16,38.37,250.77,278.35,1,-1,-1,-1
268,105,1796.08,849.98,169.56,268.43,1,-1,-1,-1
268,100,279.94,858.87,356.71,281.99,1,-1,-1,-1
268,88,850.00,727.75,328.68,340.44,1,-1,-1,-1
269,113,17.63,11.13,422.63,253.70,1,-1,-1,-1
269,112,514.40,68.87,299.78,200.57,1,-1,-1,-1
269,111,1177.39,98.20,241.88,283.15,1,-1,-1,-1
269,100,292.28,917.73,337.87,233.15,1,-1,-1,-1
269,88,846.04,785.79,336.37,318.12,1,-1,-1,-1
270,113,15.11,81.93,432.09,301.35,1,-1,-1,-1
270,112,517.52,172.90,304.78,224.46,1,-1,-1,-1
270,111,1155.88,223.02,254.57,301.19,1,-1,-1,-1
270,100,651.89,942.79,313.93,202.05,1,-1,-1,-1
271,112,516.92,223.06,307.80,252.45,1,-1,-1,-1
271,111,1168.83,297.76,243.58,293.92,1,-1,-1,-1
271,100,573.08,487.71,305.47,222.08,1,-1,-1,-1
272,115,1186.73,389.93,205.97,263.87,1,-1,-1,-1
272,114,41.10,202.25,362.82,337.42,1,-1,-1,-1
272,112,513.70,279.25,306.51,273.45,1,-1,-1,-1
272,107,1793.84,535.40,135.33,505.66,1,-1,-1,-1
273,115,1197.93,456.71,193.95,256.13,1,-1,-1,-1
273,114,45.25,272.49,357.07,328.49,1,-1,-1,-1
273,112,497.84,343.46,304.53,286.16,1,-1,-1,-1
274,115,1198.20,523.85,193.78,259.33,1,-1,-1,-1
274,114,41.54,353.95,358.94,318.71,1,-1,-1,-1
274,111,1130.49,474.35,269.99,332.09,1,-1,-1,-1
274,107,1805.67,673.73,122.55,448.65,1,-1,-1,-1
274,100,526.10,411.38,292.79,251.86,1,-1,-1,-1
274,88,752.85,582.16,292.39,255.91,1,-1,-1,-1
275,115,1159.90,623.85,223.25,290.43,1,-1,-1,-1
275,112,502.89,501.51,304.53,309.06,1,-1,-1,-1
275,111,1129.84,597.35,266.41,326.92,1,-1,-1,-1
275,100,519.44,480.24,289.21,274.33,1,-1,-1,-1
275,88,584.91,537.28,288.78,280.30,1,-1,-1,-1
276,119,1536.72,-24.59,340.84,301.51,1,-1,-1,-1
276,118,1496.20,4.32,421.90,243.68,1,-1,-1,-1
276,116,10.32,543.18,363.63,337.80,1,-1,-1,-1
276,115,1098.93,685.44,271.93,326.14,1,-1,-1,-1
276,114,14.10,541.41,361.89,329.10,1,-1,-1,-1
276,111,1089.28,675.05,292.62,337.13,1,-1,-1,-1
276,107,1557.29,781.09,165.36,355.15,1,-1,-1,-1
276,100,517.85,547.62,279.51,287.10,1,-1,-1,-1
276,88,529.41,566.29,279.16,293.01,1,-1,-1,-1
277,119,1520.65,-14.16,400.18,331.79,1,-1,-1,-1
277,118,1491.81,11.14,445.36,282.55,1,-1,-1,-1
277,116,8.03,602.17,375.85,346.90,1,-1,-1,-1
277,115,1071.38,751.76,298.88,339.56,1,-1,-1,-1
277,114,8.35,610.05,372.01,338.78,1,-1,-1,-1
277,111,1068.84,747.74,309.36,341.72,1,-1,-1,-1
277,107,1491.73,836.44,187.24,297.02,1,-1,-1,-1
277,100,521.01,615.46,279.81,295.87,1,-1,-1,-1
277,88,513.01,619.99,280.09,301.12,1,-1,-1,-1
278,123,3.48,11.62,437.47,292.31,1,-1,-1,-1
278,122,967.52,4.55,357.53,318.66,1,-1,-1,-1
278,121,969.41,2.82,353.74,322.13,1,-1,-1,-1
278,119,1476.87,140.38,263.44,248.29,1,-1,-1,-1
278,118,1475.20,22.27,470.28,324.23,1,-1,-1,-1
278,116,7.49,674.84,372.29,343.86,1,-1,-1,-1
278,115,1079.52,811.50,293.67,316.02,1,-1,-1,-1
278,114,355.67,698.09,334.51,324.72,1,-1,-1,-1
278,112,513.50,702.83,302.27,322.05,1,-1,-1,-1
278,111,1293.30,804.65,296.67,323.91,1,-1,-1,-1
278,107,1467.08,893.30,205.25,241.08,1,-1,-1,-1
279,123,39.48,60.61,405.67,288.10,1,-1,-1,-1
279,122,553.72,-14.72,340.54,263.43,1,-1,-1,-1
279,121,958.29,15.77,378.21,365.08,1,-1,-1,-1
279,118,1495.66,71.80,454.80,338.14,1,-1,-1,-1
279,116,12.17,746.01,367.80,341.83,1,-1,-1,-1
279,115,1111.87,876.36,267.73,269.12,1,-1,-1,-1
279,114,485.57,759.38,289.91,274.34,1,-1,-1,-1
279,112,520.39,769.90,281.61,298.93,1,-1,-1,-1
280,125,109.62,885.81,266.49,200.31,1,-1,-1,-1
280,124,482.59,9.33,397.94,343.00,1,-1,-1,-1
280,123,45.09,184.02,409.47,304.97,1,-1,-1,-1
280,122,76.13,159.27,385.41,304.70,1,-1,-1,-1
280,121,574.21,1.90,391.01,376.44,1,-1,-1,-1
280,120,19.31,212.11,459.03,280.73,1,-1,-1,-1
280,119,1522.52,214.56,356.33,333.52,1,-1,-1,-1
280,118,1073.60,140.18,422.54,343.60,1,-1,-1,-1
280,117,444.64,36.67,473.79,288.35,1,-1,-1,-1
280,116,28.22,838.03,349.52,284.25,1,-1,-1,-1
280,115,714.27,909.57,251.33,233.51,1,-1,-1,-1
280,100,520.46,843.55,265.49,247.11,1,-1,-1,-1
