1,1,1745.5998304464576,1.0074074074072912,173.40016955354056,176.4682926829269,1,-1,-1,-1
1,2,924.7725736818828,1.0074074074072383,293.65853658536554,193.3637275985664,1,-1,-1,-1
2,1,1745.5998304464624,1.007407407407407,173.40016955354062,253.8666666666666,1,-1,-1,-1
2,2,926.9676956331008,1.0074074074074295,319.9999999999999,284.030394265233,1,-1,-1,-1
3,1,1741.9998304464614,74.34666666666674,177.00016955354008,375.3599999999999,1,-1,-1,-1
3,2,939.3548479701572,1.007407407408248,371.6131347377362,451.31851851851786,1,-1,-1,-1
3,3,436.2000000000001,25.386666666666688,379.8,262.93333333333345,1,-1,-1,-1
4,1,1739.3998142985042,157.7599999999999,177.0001695535401,388.8845421877248,1,-1,-1,-1
4,4,412.7999838520437,1.0074074074074075,149.40000000000003,130.56,1,-1,-1,-1
4,2,918.7095940750698,1.0074074074086417,392.2583886328296,536.5906810035841,1,-1,-1,-1
4,3,434.3999999999999,119.68000000000002,379.8,262.9333333333335,1,-1,-1,-1
5,1,1724.1807342688332,252.2356483629799,194.8192657311665,384.49258056200006,1,-1,-1,-1
5,4,403.7999434821554,1.007407407407379,171.673870222033,213.97333333333356,1,-1,-1,-1
5,2,918.7095940750692,35.21567857806328,392.2583886328303,606.3728518878878,1,-1,-1,-1
5,3,411.0,217.60000000000016,379.8000000000001,264.7466666666669,1,-1,-1,-1
6,1,1720.4902258397992,350.9355789608489,198.5097741602009,375.4285355016417,1,-1,-1,-1
6,4,392.099903714929,1.0074074074074102,175.5001043590517,272.9066666666668,1,-1,-1,-1
6,2,907.1160179065424,127.8757467144581,397.6583886328306,610.6123775388289,1,-1,-1,-1
6,3,405.9000000000004,268.65876543209964,371.1000000000004,315.5502222222246,1,-1,-1,-1
7,1,1716.7997174107668,457.1421934741985,202.2002825892355,358.8578065258013,1,-1,-1,-1
7,4,353.399704697141,1.007407407407412,212.4002724183279,333.6533333333336,1,-1,-1,-1
7,2,904.2579163485066,215.22771804062305,392.2583886328305,590.6657108721623,1,-1,-1,-1
7,3,400.80000000000086,359.6108641975324,362.40000000000055,326.4604444444461,1,-1,-1,-1
8,1,1701.896741990326,669.1911571079489,217.10325800967536,326.3288428920518,1,-1,-1,-1
8,4,265.1993217858451,1.0074074074072543,309.6007185840485,488.2933678309619,1,-1,-1,-1
8,5,553.1997577806591,1.007407407407407,340.20025029332,335.4666666666667,1,-1,-1,-1
8,2,883.6126624534163,373.2931899641597,392.2583886328315,634.341696535248,1,-1,-1,-1
8,3,395.7000000000013,520.3762962962978,353.7000000000004,373.6373333333353,1,-1,-1,-1
9,1,1696.9996285970085,773.2859259259257,222.0003714029981,313.7066666666682,1,-1,-1,-1
9,4,265.19932178584514,1.0074074074074069,316.8007508799617,574.8266666666664,1,-1,-1,-1
9,5,544.1997174107684,62.66074074074077,340.20025029332,378.98666666666674,1,-1,-1,-1
9,2,875.3545608953822,460.9701314217413,392.2583886328324,626.0224611708538,1,-1,-1,-1
9,3,390.6000000000014,621.3017283950626,345.00000000000034,351.9075555555594,1,-1,-1,-1
10,1,1696.9996285970133,889.3392592592588,222.0003714029984,197.65333333333524,1,-1,-1,-1
10,4,265.1993217858446,1.007407407407407,316.8007508799617,638.2933333333333,1,-1,-1,-1
10,5,526.1996366709865,149.7007407407409,340.2002502933201,391.68,1,-1,-1,-1
10,6,1842.3206093841093,1.007407407407312,76.67939061588712,132.84369079881208,1,-1,-1,-1
10,2,891.5545608953864,552.481720430105,376.0583886328346,534.5108721624955,1,-1,-1,-1
10,3,385.5000000000005,710.8938271604947,336.3,371.4311111111116,1,-1,-1,-1
11,4,256.1992814159541,60.84740740740742,316.8007508799617,638.2933333333333,1,-1,-1,-1
11,5,526.1996366709855,224.04740740740783,340.20025029332,393.49333333333306,1,-1,-1,-1
11,6,1838.7206093841064,1.0074074074073116,80.27939061588619,199.93702413214535,1,-1,-1,-1
11,2,900.5545608953913,627.354838709675,367.0583886328381,459.6377538829304,1,-1,-1,-1
11,3,380.4000000000004,809.5525925925929,327.59999999999985,277.44000000000085,1,-1,-1,-1
12,4,250.79925719402064,71.72740740740737,316.8007508799617,714.4533333333334,1,-1,-1,-1
12,5,522.5996205230298,318.3407407407411,340.20025029332,393.4933333333328,1,-1,-1,-1
12,7,1163.4000000000026,1.007407407407407,163.79999999999794,186.7733333333334,1,-1,-1,-1
12,8,187.79993540817503,1.0074074074074073,214.2000565178469,58.02666666666667,1,-1,-1,-1
12,6,1838.7206093841128,70.64839334107602,80.27939061588724,199.93702413214527,1,-1,-1,-1
12,2,956.3545608953916,745.9039426523273,311.2583886328432,341.0886499402831,1,-1,-1,-1
12,3,380.4000000000004,914.7259259259264,327.60000000000014,172.26666666667074,1,-1,-1,-1
13,4,252.5992652679996,274.8207407407408,316.8007508799618,680.0000000000017,1,-1,-1,-1
13,5,531.5996608929215,483.3540740740745,340.20025029332,462.40000000000094,1,-1,-1,-1
13,7,1012.1993540817548,1.007407407407407,459.00092850748274,346.34666666666675,1,-1,-1,-1
13,8,130.19967704087688,1.0074074074074102,306.000468290733,208.53333333333325,1,-1,-1,-1
13,6,1836.4906173535144,250.3670667182859,82.50938264648354,199.93702413214524,1,-1,-1,-1
13,2,995.954560895396,983.002150537632,271.6583886328443,103.99044205498755,1,-1,-1,-1
14,4,236.3991926021966,316.52740740740745,329.40080739781007,710.8266666666681,1,-1,-1,-1
14,5,526.1996366709884,604.8474074074079,340.20025029332,440.6400000000017,1,-1,-1,-1
14,7,1012.1993540817542,1.007407407407407,459.0009285074826,442.4533333333335,1,-1,-1,-1
14,8,106.79957207916516,1.007407407407407,388.8008396937234,299.2,1,-1,-1,-1
14,6,1834.2606253229128,302.03618531423353,84.73937467708284,242.6202090592327,1,-1,-1,-1
15,4,229.1991603062842,396.1125925925909,329.4008073978101,690.8800000000018,1,-1,-1,-1
15,5,524.399628597011,646.352592592591,340.20025029332,440.6400000000017,1,-1,-1,-1
15,7,963.5992491200436,1.007407407407407,509.401041543174,529.4933333333337,1,-1,-1,-1
15,8,50.99932178584641,1.007407407407407,471.60121109671456,384.4266666666666,1,-1,-1,-1
15,6,1832.0306332923176,396.3884888372684,86.96936670768011,242.6202090592326,1,-1,-1,-1
16,4,221.99905534456903,466.8325925925909,313.2008073978104,620.1600000000025,1,-1,-1,-1
16,5,509.99969318883655,735.2059259259246,361.8001857014969,351.7866666666687,1,-1,-1,-1
16,7,967.1991429530076,1.0074074074074069,502.2011315622527,616.5333333333336,1,-1,-1,-1
16,8,50.99932178584664,1.007407407407407,477.00121109671454,466.0266666666665,1,-1,-1,-1
16,6,1827.5706492311235,486.2478255258734,91.42935076887608,242.6202090592325,1,-1,-1,-1
17,4,217.49907149252635,595.5792592592559,321.30080739781016,491.41333333333705,1,-1,-1,-1
17,5,554.9999515561373,823.27544715447,317.69982640947046,263.71714543812334,1,-1,-1,-1
17,7,959.0990904721516,88.04740740740776,512.101192117088,612.9066666666668,1,-1,-1,-1
17,8,54.599337933803554,2.820740740740976,471.6012110967145,548.5333333333333,1,-1,-1,-1
17,6,1827.5706492311235,591.8325461349843,91.42935076887608,242.6202090592325,1,-1,-1,-1
18,4,212.9990876404836,724.3259259259208,329.40080739781007,362.6666666666717,1,-1,-1,-1
18,5,654.0002099234409,1001.765925925925,165.59946711744422,85.22666666667183,1,-1,-1,-1
18,7,965.3991441583368,296.5807407407409,500.4011040380677,583.8933333333341,1,-1,-1,-1
18,8,58.19935408175954,196.8474074074075,471.60121109671456,533.1200000000005,1,-1,-1,-1
18,6,1827.5706492311183,816.4808878564958,91.42935076887586,175.22570654277973,1,-1,-1,-1
19,4,207.59908764048276,816.8059259259192,333.00080739781004,270.186666666673,1,-1,-1,-1
19,7,965.3991441583372,430.76740740740775,507.6011465048851,482.3466666666688,1,-1,-1,-1
19,8,58.19935408175954,303.83407407407435,471.60121109671456,509.5466666666672,1,-1,-1,-1
19,6,1827.570649231119,841.1922054458614,91.4293507688756,231.38779197315844,1,-1,-1,-1
20,4,223.79908764048312,889.3392592592526,340.20080739781025,197.65333333334056,1,-1,-1,-1
20,7,956.3991037884452,545.0074074074081,507.6011465048846,489.6000000000022,1,-1,-1,-1
20,8,61.79937022971583,403.5674074074079,450.0012110967146,509.5466666666673,1,-1,-1,-1
20,6,1827.570649231121,929.7387533875332,91.4293507688754,157.25383920505837,1,-1,-1,-1
21,7,954.5990957144672,653.6059259259238,507.6011465048847,433.3866666666696,1,-1,-1,-1
21,8,54.59933793380329,512.3674074074078,471.60121109671456,509.5466666666673,1,-1,-1,-1
22,7,954.5990957144712,755.1525925925905,522.0011465048839,331.84000000000424,1,-1,-1,-1
22,8,50.99932178584683,630.0325925925921,471.60121109671456,456.9600000000012,1,-1,-1,-1
23,8,85.19952350322549,851.2592592592591,433.8009881459282,235.7333333333368,1,-1,-1,-1
23,9,400.2000000000001,1.813333333333346,585.0,201.28,1,-1,-1,-1
23,10,1251.599991926022,12.693333333333332,255.59999999999997,103.36,1,-1,-1,-1
23,11,167.99998385204458,1.8133333333333312,207.00000000000057,50.77333333333337,1,-1,-1,-1
24,8,153.59952350322587,960.0592592592594,293.4009881459287,126.9333333333395,1,-1,-1,-1
24,9,400.2000000000011,1.8133333333333488,585.0000000000001,308.2666666666667,1,-1,-1,-1
24,10,1184.9996931888347,1.0074074074074073,345.60041984685927,215.78666666666663,1,-1,-1,-1
24,11,2.399983852044365,1.813333333333388,411.92864426643945,141.43999999999994,1,-1,-1,-1
25,9,400.2000000000006,1.813333333333349,585.0000000000001,431.5733333333334,1,-1,-1,-1
25,10,1064.399152232305,1.007407407407407,468.0009527294124,310.08000000000004,1,-1,-1,-1
25,11,1.9725968298418837,3.626666666666642,410.8275000578967,235.73333333333343,1,-1,-1,-1
26,9,396.5999838520441,114.24000000000002,585.0000000000001,431.57333333333344,1,-1,-1,-1
26,10,1057.1991199363924,1.0074074074074073,475.2009850253252,418.8800000000001,1,-1,-1,-1
26,11,4.199983852045856,3.6266666666666807,408.6001130356934,340.90666666666687,1,-1,-1,-1
27,9,390.5999569387839,231.50222222222263,585.0000000000001,443.6622222222222,1,-1,-1,-1
27,10,952.7986516456596,1.6118518518518978,566.4013941068886,518.00888888889,1,-1,-1,-1
27,11,1.0000000000004337,0.6044444444446423,408.6001130356936,439.4311111111118,1,-1,-1,-1
28,9,380.0999421364914,433.9911111111116,585.0000000000001,482.9511111111108,1,-1,-1,-1
28,10,914.9985709058805,51.17629629629648,594.6014398594314,673.3511111111121,1,-1,-1,-1
28,11,1.0,244.195555555556,408.6001130356936,429.1555555555559,1,-1,-1,-1
29,9,383.9999273341989,520.4266666666672,585.0000000000002,522.2399999999993,1,-1,-1,-1
29,10,916.7984901660972,166.02074074074082,586.8014856119748,650.986666666668,1,-1,-1,-1
29,11,1.000000000000427,364.4800000000006,408.6001130356936,418.88,1,-1,-1,-1
30,9,383.0999232972099,624.1896296296305,585.0000000000001,460.5866666666668,1,-1,-1,-1
30,10,915.8984861291082,264.8474074074075,586.8014856119748,650.986666666668,1,-1,-1,-1
30,11,1.0000000000001992,481.44000000000057,408.6001130356936,418.88,1,-1,-1,-1
31,9,382.19991926022095,727.9525925925933,585.0000000000001,359.04000000000093,1,-1,-1,-1
31,10,914.9984820921192,363.67407407407416,586.8014856119748,650.986666666668,1,-1,-1,-1
31,11,0.9999999999999716,598.4000000000005,408.6001130356936,418.88,1,-1,-1,-1
32,9,522.6005490305179,827.6859259259279,444.5993702297115,259.3066666666687,1,-1,-1,-1
32,10,896.9984013523417,488.5925925925916,604.8014856119759,598.4000000000025,1,-1,-1,-1
32,11,1.0000000000009872,726.1392592592596,396.0000565178455,360.8533333333336,1,-1,-1,-1
32,12,879.0000000000016,1.007407407407407,201.59999999999943,106.98666666666684,1,-1,-1,-1
32,13,1446.000000000006,3.626666666666695,341.99999999999494,96.10666666666664,1,-1,-1,-1
33,9,659.4011626528596,1032.5925925925944,230.39840942631548,54.40000000000322,1,-1,-1,-1
33,10,896.9984013523434,727.9525925925914,586.8014856119757,359.04000000000553,1,-1,-1,-1
33,11,1.0000000000023452,952.8059259259264,396.000056517846,134.18666666666866,1,-1,-1,-1
33,12,862.8000000000001,0.0,300.6,226.6666666666667,1,-1,-1,-1
33,13,1446.0,3.626666666666692,468.0000000000002,326.3999999999999,1,-1,-1,-1
34,10,877.5799437037977,850.2169555649185,312.5157713262608,236.7756370276801,1,-1,-1,-1
34,11,136.0002017605929,1043.4725925925932,208.79977674316032,43.52000000000376,1,-1,-1,-1
34,12,848.3999354081819,3.626666666666668,408.6004844386848,353.60000000000014,1,-1,-1,-1
34,13,1446.0,3.626666666666697,468.00000000000034,442.4533333333334,1,-1,-1,-1
35,10,877.5799437037944,968.083622231585,240.5156637206127,118.9089703610155,1,-1,-1,-1
35,12,848.3999354081839,2.7200000000000544,433.8005974743776,466.0266666666674,1,-1,-1,-1
35,13,1446.0000000000005,115.14666666666672,468.00000000000034,442.4533333333334,1,-1,-1,-1
36,12,848.3999354081858,1.8133333333334405,459.0007105100705,578.4533333333346,1,-1,-1,-1
36,13,1446.000000000001,226.6666666666668,468.00000000000034,442.4533333333334,1,-1,-1,-1
37,12,844.7999192602298,77.9733333333336,455.4006892766622,616.5333333333343,1,-1,-1,-1
37,13,1435.199951556133,361.12197530864216,480.000053826521,447.2888888888896,1,-1,-1,-1
38,12,863.117167752951,299.2491418247515,433.7859016299285,597.493333333333,1,-1,-1,-1
38,13,1426.999892346961,633.1055947003927,492.0001076530404,347.36390243902264,1,-1,-1,-1
39,12,837.5998869643173,415.2533333333336,459.0007105100705,578.4533333333346,1,-1,-1,-1
39,13,1413.599854668395,760.5925925925927,504.00016147956273,326.4000000000015,1,-1,-1,-1
40,12,837.5998869643176,508.5392592592578,459.0007105100705,578.4533333333346,1,-1,-1,-1
40,13,1413.5998546683948,887.9928229620268,504.00016147956273,198.9997696305696,1,-1,-1,-1
40,14,535.1998869643088,1.0074074074074746,414.0001614795592,195.6183958421126,1,-1,-1,-1
40,15,1341.927686472817,1.8133333333335195,435.2723135271818,164.7917291754457,1,-1,-1,-1
41,12,837.5998869643201,628.2192592592579,459.0007105100705,458.7733333333352,1,-1,-1,-1
41,14,535.1998869643096,1.0074074074074069,414.0001614795594,322.7733333333333,1,-1,-1,-1
41,15,1312.8,1.8133333333333328,464.4000000000001,291.94666666666666,1,-1,-1,-1
42,12,859.1998869643213,729.7659259259244,423.0007105100719,357.22666666667027,1,-1,-1,-1
42,14,535.1998869643114,1.007407407407407,414.0001614795595,458.77333333333337,1,-1,-1,-1
42,15,1312.7999999999995,1.8133333333333332,464.4000000000002,422.50666666666666,1,-1,-1,-1
42,16,1.00000000000099,1.007407407407407,145.79996770408678,148.69333333333333,1,-1,-1,-1
42,17,1816.3999999999985,1.0074074074074086,102.60000000000014,96.10666666666664,1,-1,-1,-1
42,18,27.600000000000293,1.007407407407407,235.7999999999999,328.2133333333333,1,-1,-1,-1
43,12,1006.207430429738,951.9097774340446,275.9931670446544,135.08281515854924,1,-1,-1,-1
43,14,526.1998627423787,204.1007407407408,414.00016147955984,524.0533333333335,1,-1,-1,-1
43,15,1306.4999798150566,187.78074074074067,464.4000000000009,503.20000000000016,1,-1,-1,-1
43,16,1.00000000000074,92.58074074074084,137.699931371185,246.6133333333333,1,-1,-1,-1
43,17,1813.8999999999971,128.34370370370388,102.60000000000018,204.0,1,-1,-1,-1
43,18,1.0000000000005045,1.0074074074074215,543.5999999999992,529.4933333333332,1,-1,-1,-1
44,14,517.1998062245317,303.83407407407407,425.1501216325509,563.946666666666,1,-1,-1,-1
44,15,1292.9999111862428,284.6933333333336,464.4000000000007,543.9999999999998,1,-1,-1,-1
44,16,1.0000000000004907,184.1540740740742,129.59989503828317,271.9999999999999,1,-1,-1,-1
44,17,1811.4,233.92,102.60000000000014,206.72,1,-1,-1,-1
44,18,1.0000000000002771,91.67407407407433,543.5999999999993,433.3866666666664,1,-1,-1,-1
45,14,522.5998304464665,413.4400000000001,419.5751415560554,563.9466666666663,1,-1,-1,-1
45,15,1294.7999192602213,413.8429629629632,464.4000000000007,543.9999999999998,1,-1,-1,-1
45,16,1.0000000000002631,296.5807407407409,129.59989503828317,271.9999999999999,1,-1,-1,-1
45,18,1.0,216.7940740740744,543.5999999999995,433.3866666666664,1,-1,-1,-1
46,14,527.9998546684012,523.0459259259262,414.0001614795599,563.9466666666665,1,-1,-1,-1
46,15,1296.5999273341995,542.9925925925927,464.4000000000007,543.9999999999998,1,-1,-1,-1
46,16,1.0000000000000355,409.0074074074076,129.59989503828317,271.9999999999999,1,-1,-1,-1
46,18,1.0000000000000424,336.47407407407457,543.5999999999993,455.1466666666661,1,-1,-1,-1
47,14,519.5999461734884,633.0548148148144,425.3999542474545,453.9377777777784,1,-1,-1,-1
47,15,1300.7999946173538,676.5748148148148,466.7995586225284,410.4177777777789,1,-1,-1,-1
47,16,1.000000000002519,551.5891358024704,129.59989503828334,226.6666666666673,1,-1,-1,-1
47,17,1841.6,518.6133333333336,77.40000000000096,72.53333333333318,1,-1,-1,-1
47,18,1.0,456.1540740740746,538.1999999999994,502.2933333333328,1,-1,-1,-1
48,14,559.8000376785751,853.6770370370364,339.59974701534827,233.31555555555752,1,-1,-1,-1
48,15,1321.200061900512,833.7303703703687,263.9991172450526,253.26222222222472,1,-1,-1,-1
48,16,1.0000000000027665,784.8375308641977,124.19989503828327,213.97333333333623,1,-1,-1,-1
48,17,1828.999999999998,750.7200000000007,90.00000000000136,158.6666666666663,1,-1,-1,-1
48,19,1406.0002341453703,1.007407407407407,417.5996232771449,175.89333333333337,1,-1,-1,-1
48,18,1.0000000000000175,698.9392592592575,532.7999999999994,388.0533333333351,1,-1,-1,-1
49,14,589.200129183662,961.8725925925908,275.39953978324235,125.12000000000177,1,-1,-1,-1
49,15,1327.2001291836616,943.7392592592572,178.19867586758372,94.29333333333476,1,-1,-1,-1
49,16,0.9999999999999146,907.47259259259,129.59989503828334,179.52000000000265,1,-1,-1,-1
49,17,1816.4,881.2800000000008,102.6000000000018,154.1333333333328,1,-1,-1,-1
49,20,65.40001614795742,1.0074074074074073,226.800088813759,123.30666666666669,1,-1,-1,-1
49,21,803.4000726658052,1.007407407407407,246.59994348215253,99.73333333333338,1,-1,-1,-1
49,19,1406.0002341453644,1.0074074074074075,512.9997658546357,284.6933333333334,1,-1,-1,-1
49,18,1.0000000000003542,820.4325925925934,527.3999999999993,266.56000000000193,1,-1,-1,-1
50,17,1816.399999999998,992.69925925926,102.6000000000018,94.2933333333348,1,-1,-1,-1
50,20,1.0000000000030769,1.007407407407407,365.400710510073,253.86666666666665,1,-1,-1,-1
50,21,752.9998465944194,1.007407407407407,307.8001695535415,206.72000000000023,1,-1,-1,-1
50,19,1406.0002341453687,1.007407407407407,512.9997658546362,389.8666666666668,1,-1,-1,-1
50,18,1.0000000000004818,947.365925925927,527.3999999999993,139.62666666667042,1,-1,-1,-1
51,20,0.9999999999994384,24.58074074074077,365.400710510073,369.92,1,-1,-1,-1
51,21,697.1998142985076,1.007407407407407,379.8002018494564,328.21333333333365,1,-1,-1,-1
51,19,1406.0002341453644,42.714074074074105,512.9997658546362,453.3333333333334,1,-1,-1,-1
52,20,1.0000000000001206,153.32740740740743,365.400710510073,353.6,1,-1,-1,-1
52,21,668.3994671174529,1.007407407407407,462.6008639156559,435.2000000000001,1,-1,-1,-1
52,19,1406.0002341453635,180.52740740740745,512.9997658546362,444.2666666666667,1,-1,-1,-1
53,20,0.9999999999999998,370.9056445993034,365.400710510073,340.9066666666666,1,-1,-1,-1
53,21,671.5694993087901,129.65157826816375,462.6008639156559,527.6800000000003,1,-1,-1,-1
53,19,1406.0002341453635,452.6965956897666,512.9997658546362,444.2666666666667,1,-1,-1,-1
54,20,1.000000000000082,518.714074074075,365.400710510073,317.33333333333275,1,-1,-1,-1
54,21,686.3995503999614,261.2207407407408,462.6008639156559,490.5066666666673,1,-1,-1,-1
54,19,1406.0002341453653,595.6800000000005,512.9997658546362,437.01333333333366,1,-1,-1,-1
55,20,1.0000000000000175,632.0474074074077,383.40071051007305,340.9066666666667,1,-1,-1,-1
55,21,695.3995882271256,403.5674074074074,462.6008639156559,453.33333333333405,1,-1,-1,-1
55,19,1406.0002341453644,733.3925925925929,512.9997658546362,353.6000000000011,1,-1,-1,-1
56,20,1.0000000000001206,766.0325925925933,390.600710510073,320.96000000000004,1,-1,-1,-1
56,21,698.9996043750821,535.9407407407408,462.6008639156559,453.33333333333405,1,-1,-1,-1
56,19,1429.4003391070823,863.9525925925898,469.79957207915936,223.04000000000303,1,-1,-1,-1
57,20,0.9999999999998014,882.0859259259263,388.800710510073,204.90666666666857,1,-1,-1,-1
57,21,698.9996043750816,664.485925925925,462.6008639156559,422.5066666666687,1,-1,-1,-1
57,19,1429.400339107087,976.3792592592569,469.7995720791597,110.6133333333372,1,-1,-1,-1
57,22,653.1,1.007407407407407,243.0000000000009,166.8266666666667,1,-1,-1,-1
58,21,832.1996043750826,936.4859259259252,289.800863915656,150.50666666666976,1,-1,-1,-1
58,23,1734.8000000000038,1.007407407407407,184.20000000000007,152.31999999999996,1,-1,-1,-1
58,24,1.0000000000001033,1.0074074074074073,235.8000530835206,157.76,1,-1,-1,-1
58,22,512.7000000000002,45.333333333333385,385.20000000000033,357.2266666666665,1,-1,-1,-1
58,25,1265.1000000000015,1.007407407407407,291.5999999999984,157.7600000000001,1,-1,-1,-1
59,23,1734.7999999999995,1.0074074074074069,184.20000000000005,279.25333333333333,1,-1,-1,-1
59,24,1.0000000000002247,72.53333333333347,235.8000530835205,215.78666666666663,1,-1,-1,-1
59,22,532.5000000000001,161.38666666666666,365.4,368.10666666666657,1,-1,-1,-1
59,25,1265.0999999999997,1.007407407407407,397.8000000000004,264.74666666666684,1,-1,-1,-1
60,23,1734.7999999999972,7.919205058717293,184.1999999999996,397.4615356820232,1,-1,-1,-1
60,24,1.0000000000001772,184.05333333333363,241.2000849336329,235.58222222222216,1,-1,-1,-1
60,22,552.3000000000004,279.25333333333333,365.4,368.10666666666657,1,-1,-1,-1
60,25,1265.1000000000004,30.02074074074078,397.8000000000004,377.1733333333335,1,-1,-1,-1
61,23,1734.8000000000034,140.63407407407416,184.20000000000005,389.8666666666668,1,-1,-1,-1
61,24,1.0000000000001297,295.57333333333384,246.6001167837452,255.37777777777765,1,-1,-1,-1
61,22,555.9000000000007,406.1866666666666,365.4,368.10666666666657,1,-1,-1,-1
61,25,1275.9000000000003,167.8340740740741,397.8000000000004,377.1733333333335,1,-1,-1,-1
62,23,1744.4000430612157,284.4918518518523,174.5999569387843,390.4711111111113,1,-1,-1,-1
62,24,1.000000000000082,407.093333333334,252.00014863385755,275.1733333333332,1,-1,-1,-1
62,22,546.9000000000019,578.4533333333336,377.9999999999999,331.8400000000036,1,-1,-1,-1
62,25,1277.7000000000012,300.2074074074075,397.8000000000004,377.1733333333335,1,-1,-1,-1
63,23,1754.0000861224355,607.869629629631,164.99991387756853,335.7688888888915,1,-1,-1,-1
63,26,94.20000000000216,1.007407407407407,352.7999596301074,174.07999999999996,1,-1,-1,-1
63,24,1.00000000000006,645.5466666666673,266.4001804839701,311.8933333333329,1,-1,-1,-1
63,22,559.5000000000016,703.5733333333346,372.5999999999998,380.80000000000285,1,-1,-1,-1
63,25,1289.4000000000017,562.2340740740743,397.8000000000004,377.1733333333335,1,-1,-1,-1
64,23,1763.6001291836508,626.6074074074088,155.39987081635277,440.6399999999997,1,-1,-1,-1
64,26,94.20000000000206,1.007407407407407,352.79995963010714,308.2666666666666,1,-1,-1,-1
64,24,1.0000000000000997,774.2933333333344,257.40018048397,310.0799999999994,1,-1,-1,-1
64,22,566.7000000000016,812.3733333333348,365.4,272.00000000000534,1,-1,-1,-1
64,25,1290.300000000001,697.3274074074076,397.8000000000004,377.1733333333335,1,-1,-1,-1
65,23,1763.6001291836524,731.5792592592597,155.39987081635292,355.4133333333343,1,-1,-1,-1
65,26,101.4000322959194,1.0074074074074073,424.8002825892285,446.08,1,-1,-1,-1
65,24,1.0000000000002138,885.7125925925932,257.40018048397,201.28000000000108,1,-1,-1,-1
65,22,716.1000000000017,915.7333333333358,127.80000000000152,168.64000000000738,1,-1,-1,-1
65,25,1297.5000000000011,840.379259259259,397.8000000000007,246.61333333333457,1,-1,-1,-1
66,23,1788.800242219351,853.072592592594,130.19975778065947,170.4533333333361,1,-1,-1,-1
66,26,101.40003229591944,147.8874074074075,424.8002825892285,446.08,1,-1,-1,-1
66,24,1.0000000000004554,949.1792592592602,257.40018048397,137.81333333333737,1,-1,-1,-1
66,22,716.1000000000017,1033.6000000000024,127.80000000000146,50.77333333334328,1,-1,-1,-1
66,25,1320.9000000000017,978.1925925925924,270.0000000000021,108.800000000003,1,-1,-1,-1
67,23,1788.800242219341,965.4992592592564,130.19975778065947,121.49333333333672,1,-1,-1,-1
67,26,94.20000000000708,218.6074074074076,424.8002825892285,511.3600000000013,1,-1,-1,-1
67,27,727.7997981359715,1.007407407407407,322.2000000000002,128.74666666666673,1,-1,-1,-1
67,28,1400.99989906799,61.653333333333606,246.60063082509157,106.98666666666716,1,-1,-1,-1
67,29,146.40000000000006,1.007407407407412,207.00000000000028,275.6266666666668,1,-1,-1,-1
68,26,99.6000242219418,457.9674074074079,424.80028258922863,547.6266666666685,1,-1,-1,-1
68,27,722.3997981359709,18.13333333333335,322.2000000000001,364.48,1,-1,-1,-1
68,28,1346.999899067988,29.013333333333343,363.6006308250895,409.8133333333333,1,-1,-1,-1
68,29,146.40000000000006,223.03999999999996,216.00000000000028,290.1333333333333,1,-1,-1,-1
69,26,99.6000242219418,572.0059259259241,424.80028258922863,514.9866666666695,1,-1,-1,-1
69,27,715.1997981359712,159.57333333333327,329.4000000000004,371.7333333333338,1,-1,-1,-1
69,28,1346.999899067988,177.70666666666665,363.6006308250895,409.8133333333333,1,-1,-1,-1
69,29,137.40000000000018,357.22666666666663,216.00000000000037,279.2533333333336,1,-1,-1,-1
70,26,162.60030681117746,690.7792592592581,361.7999999999939,396.21333333333695,1,-1,-1,-1
70,27,724.1998107524726,301.0133333333333,322.2000000000001,364.48,1,-1,-1,-1
70,28,1348.7999116844896,317.33333333333417,363.6006308250895,333.65333333333245,1,-1,-1,-1
70,29,154.50000000000026,472.6755555555552,200.7000000000008,279.25333333333367,1,-1,-1,-1
71,26,225.60058940041307,809.5525925925922,298.79971741075906,277.44000000000443,1,-1,-1,-1
71,27,715.1998107524724,440.63999999999993,331.2000000000001,351.78666666666663,1,-1,-1,-1
71,28,1337.9999116844897,456.9600000000017,374.400630825091,368.10666666666543,1,-1,-1,-1
71,29,171.60000000000028,588.1244444444437,185.40000000000117,279.2533333333337,1,-1,-1,-1
72,26,225.6005894004141,916.5392592592588,298.79971741075923,170.4533333333388,1,-1,-1,-1
72,27,715.1998107524723,578.4533333333341,331.2000000000013,346.34666666666686,1,-1,-1,-1
72,28,1341.599936917493,592.9600000000014,374.4006308250893,375.3599999999988,1,-1,-1,-1
72,29,142.80000000000024,703.5733333333333,216.00000000000037,279.2533333333336,1,-1,-1,-1
73,30,1373.9999999999984,1.8133333333333332,406.8000000000002,195.8400000000001,1,-1,-1,-1
73,27,727.799835985477,869.3925925925926,322.2000000000002,217.6000000000029,1,-1,-1,-1
73,28,1325.399747669965,882.0859259259272,387.0007948396144,204.9066666666672,1,-1,-1,-1
74,30,1374.0,1.8133333333333328,406.7999999999999,335.4666666666667,1,-1,-1,-1
74,31,499.19997577806623,1.007407407407407,347.4000000000012,103.36000000000028,1,-1,-1,-1
74,27,765.5998359854775,999.9525925925936,253.8000000000005,87.040000000004,1,-1,-1,-1
74,28,1361.3997476699656,1014.459259259262,259.2007948396165,72.53333333333524,1,-1,-1,-1
75,30,1368.599975778068,21.760000000000048,406.8000000000004,471.4666666666666,1,-1,-1,-1
75,31,464.9999757780656,1.0074074074074075,432.0,257.49333333333334,1,-1,-1,-1
75,32,0.6000000000001133,1.8133333333333268,347.4,174.07999999999996,1,-1,-1,-1
76,30,1360.499939445166,175.8933333333334,406.8000000000004,471.4666666666666,1,-1,-1,-1
76,31,386.69963053707016,1.0074074074074082,507.6003331300341,414.3466666666668,1,-1,-1,-1
76,32,0.8000000000004192,2.720000000000024,344.69999999999993,330.9333333333336,1,-1,-1,-1
77,30,1352.3999031122646,330.0266666666668,406.8000000000004,471.4666666666666,1,-1,-1,-1
77,31,382.19953241922,97.11407407407424,513.0004352848702,469.6533333333335,1,-1,-1,-1
77,32,1.0000000000005544,16.320000000000054,342.00000000000006,417.0666666666665,1,-1,-1,-1
78,30,1339.7998546683962,594.6725925925923,426.6000000000003,492.3200000000014,1,-1,-1,-1
78,31,378.59957647112526,372.7407407407408,506.7003549000656,510.4533333333334,1,-1,-1,-1
78,32,1.0000000000000853,313.70666666666665,342.00000000000006,446.0799999999999,1,-1,-1,-1
79,30,1330.799806224528,726.1392592592596,406.8000000000004,360.8533333333345,1,-1,-1,-1
79,31,385.7996205230302,517.8074074074076,493.2002745152611,511.36000000000007,1,-1,-1,-1
79,32,0.9999999999999574,500.48,342.00000000000006,382.61333333333306,1,-1,-1,-1
80,30,1330.7998062245322,860.3259259259261,406.8000000000011,226.6666666666688,1,-1,-1,-1
80,31,373.1995640051831,660.8592592592593,513.0003633290202,426.13333333333617,1,-1,-1,-1
80,32,0.9999999999999574,652.8,342.00000000000006,382.61333333333306,1,-1,-1,-1
80,33,1701.200000000003,6.4422541375582406e-15,217.80000000000027,61.65333333333327,1,-1,-1,-1
81,30,1330.79980622454,1001.7659259259218,282.5994428955007,85.22666666667097,1,-1,-1,-1
81,31,373.1995640051819,805.925925925926,513.0003633290202,281.0666666666704,1,-1,-1,-1
81,32,1.0000000000001852,737.0192592592595,342.0000000000001,349.97333333333427,1,-1,-1,-1
81,33,1701.200000000002,7.158060152842492e-15,217.80000000000024,197.6533333333332,1,-1,-1,-1
81,34,56.400000000000055,1.8133333333333268,246.6,108.8,1,-1,-1,-1
82,31,510.0002637689124,954.6192592592612,370.7996554948697,132.3733333333393,1,-1,-1,-1
82,32,1.0000000000020053,854.885925925926,342.0000000000004,232.10666666666853,1,-1,-1,-1
82,33,1715.6000000000045,6.442254137558242e-15,203.40000000000097,317.3333333333333,1,-1,-1,-1
82,34,1.0000000000013685,1.007407407407407,340.2004198468628,233.92,1,-1,-1,-1
82,35,760.2000080739781,1.0074074074074078,187.19999999999996,130.56,1,-1,-1,-1
82,36,1382.1001910000273,1.0074074074074073,296.99986818308463,203.09333333333333,1,-1,-1,-1
83,33,1701.1999999999998,224.85333333333327,217.8000000000005,331.8400000000009,1,-1,-1,-1
83,34,1.0000000000002875,46.34074074074092,340.2004198468629,464.2133333333338,1,-1,-1,-1
83,35,634.1994994133559,1.0074074074074395,345.6005813264247,360.85333333333335,1,-1,-1,-1
83,36,1207.4999300563293,114.24,453.6001022253667,368.10666666666657,1,-1,-1,-1
84,33,1701.1999999999994,364.48,217.80000000000047,324.5866666666671,1,-1,-1,-1
84,34,1.0000000000001938,192.31407407407423,340.200419846863,466.0266666666669,1,-1,-1,-1
84,35,631.4994590434655,144.26074074074097,342.00058132642465,359.94666666666666,1,-1,-1,-1
84,36,1254.2999999999995,248.4266666666668,406.7999999999996,369.9199999999999,1,-1,-1,-1
85,33,1701.1999999999994,504.1066666666667,217.8000000000004,317.3333333333333,1,-1,-1,-1
85,34,1.000000000000218,314.714074074074,322.2004198468632,484.1600000000005,1,-1,-1,-1
85,35,628.7994186735757,269.3807407407408,343.8005813264241,371.7333333333336,1,-1,-1,-1
85,36,1207.4999469164793,395.3066666666666,433.8000000000002,359.0399999999999,1,-1,-1,-1
86,33,1693.9999999999984,634.6666666666673,224.99999999999943,330.026666666667,1,-1,-1,-1
86,34,1.0000000000001077,477.8133333333335,315.00041984686305,465.12000000000046,1,-1,-1,-1
86,35,629.699422710565,418.0740740740745,344.7006297702924,364.4799999999998,1,-1,-1,-1
86,36,1205.6999575331836,522.2400000000002,426.6000000000028,397.1199999999998,1,-1,-1,-1
87,33,1693.9999999999998,765.2266666666671,225.00000000000097,320.9600000000002,1,-1,-1,-1
87,34,1.000000000000102,620.9659259259253,293.4004198468628,466.0266666666672,1,-1,-1,-1
87,35,623.3994267475539,568.5807407407416,345.6006782141613,368.1066666666663,1,-1,-1,-1
87,36,1238.0999681498886,661.8666666666664,403.1999999999996,389.8666666666677,1,-1,-1,-1
88,33,1701.200000000002,1028.1600000000003,217.8000000000007,58.026666666667694,1,-1,-1,-1
88,34,0.9999999999975432,920.1659259259266,288.0003418327669,166.82666666667072,1,-1,-1,-1
88,35,626.9994105995988,851.2592592592599,338.4006782141611,235.73333333333343,1,-1,-1,-1
88,37,1766.3999811690112,1.0074074074074073,151.20008342281358,244.80000000000015,1,-1,-1,-1
88,38,203.99999999999983,3.626666666666667,293.3999999999999,286.5066666666666,1,-1,-1,-1
88,39,646.8000807397808,1.8133333333333332,291.5999192602212,134.1866666666667,1,-1,-1,-1
88,40,1060.8000107605692,1.0074074074074066,363.5999461971751,67.09333333333339,1,-1,-1,-1
88,36,1239.8999546991845,929.2325925925936,305.99988163378134,157.76000000000258,1,-1,-1,-1
89,35,722.3994105996001,990.8859259259276,210.60067821416197,96.10666666666808,1,-1,-1,-1
89,37,1765.9999138870453,106.18074074074082,153.0000861129548,270.1866666666669,1,-1,-1,-1
89,38,196.7999677040894,56.21333333333335,320.4001211096708,355.4133333333332,1,-1,-1,-1
89,39,637.8000807397813,1.8133333333333332,300.5999192602195,273.81333333333333,1,-1,-1,-1
89,40,1060.800010760566,1.007407407407407,399.60000000000014,223.04,1,-1,-1,-1
90,37,1771.3999219574694,233.11407407407427,147.60007804253422,276.53333333333364,1,-1,-1,-1
90,38,199.49997981505663,190.4,320.4001211096708,355.4133333333332,1,-1,-1,-1
90,39,631.5000524808572,97.9200000000001,300.5999192602195,318.2400000000002,1,-1,-1,-1
90,40,1060.8000107605658,1.0074074074074073,399.60000000000014,369.92,1,-1,-1,-1
91,37,1762.399908506765,350.98074074074094,156.60009149323866,308.26666666666665,1,-1,-1,-1
91,38,202.1999919260239,324.5866666666667,320.4001211096708,355.4133333333332,1,-1,-1,-1
91,39,625.2000242219341,241.1733333333335,300.5999192602195,315.5199999999999,1,-1,-1,-1
91,40,1053.6,121.49333333333333,399.60000000000014,397.12,1,-1,-1,-1
92,37,1771.3998950382838,475.194074074074,147.60010496171736,339.09333333333336,1,-1,-1,-1
92,38,198.59997577806905,431.5733333333344,320.4001211096708,431.57333333333344,1,-1,-1,-1
92,39,621.600008073978,383.5200000000005,300.5999192602195,315.5199999999999,1,-1,-1,-1
92,40,1034.6999475191424,282.8799999999999,421.2,397.1200000000003,1,-1,-1,-1
93,37,1762.3998546683936,748.1007407407415,156.60014533160864,339.093333333334,1,-1,-1,-1
93,38,194.9999596301128,697.1259259259264,320.400121109671,389.86666666666855,1,-1,-1,-1
93,39,628.8000443694868,662.6725925925929,300.5999192602195,315.5199999999999,1,-1,-1,-1
93,40,1019.3998202532164,591.952592592593,432.00022709703256,359.04000000000065,1,-1,-1,-1
93,41,1134.6000053802834,1.0074074074074066,217.80001076056567,134.1866666666667,1,-1,-1,-1
93,42,1503.599983852047,1.0074074074074084,217.80000000000004,72.53333333333333,1,-1,-1,-1
93,43,0.9999999999994326,1.0074074074074215,160.2000000000001,268.3733333333334,1,-1,-1,-1
93,44,459.600021485584,1.0074074074074069,228.59997851797,83.4133333333333,1,-1,-1,-1
94,37,1776.79991926022,809.7540740740742,142.20008073978414,272.0000000000027,1,-1,-1,-1
94,38,194.99995963011213,816.0000000000011,320.4001211096708,270.1866666666675,1,-1,-1,-1
94,39,625.2000242219328,787.7925925925928,300.5999192602195,299.20000000000005,1,-1,-1,-1
94,40,1028.3998869643076,751.5259259259265,399.60000000000014,335.4666666666671,1,-1,-1,-1
94,41,1028.39953978325,1.007407407407407,360.0006701401821,262.93333333333334,1,-1,-1,-1
94,42,1467.5998223724891,1.007407407407412,300.6003714029889,195.84,1,-1,-1,-1
94,43,0.9999999999998864,87.04000000000002,160.2,330.02666666666664,1,-1,-1,-1
94,44,391.19991926021936,1.007407407407407,302.4000888137589,195.84,1,-1,-1,-1
95,38,194.9999596301124,950.1866666666676,320.4001211096709,136.000000000002,1,-1,-1,-1
95,39,625.2000242219335,909.2859259259262,300.5999192602196,177.7066666666692,1,-1,-1,-1
95,40,1024.0096430618669,884.2088527551938,399.6,202.78373983739797,1,-1,-1,-1
95,41,1026.5995317092727,20.95407407407412,360.0006701401821,388.0533333333332,1,-1,-1,-1
95,42,1415.399588227126,1.007407407407407,343.8005651784616,324.5866666666667,1,-1,-1,-1
95,43,0.9999999999996596,208.53333333333373,160.2000000000001,349.9733333333332,1,-1,-1,-1
95,44,371.3998304464636,1.007407407407407,327.60020184944943,331.84000000000003,1,-1,-1,-1
96,39,700.8001372078656,1032.592592592593,152.99969866863913,54.4000000000044,1,-1,-1,-1
96,41,1010.3995290333498,171.46074074074073,379.8007051120184,388.0533333333332,1,-1,-1,-1
96,42,1399.1995155613213,102.55407407407408,367.2006001502975,355.4133333333334,1,-1,-1,-1
96,43,0.99999999999936,333.65333333333376,172.80001883098896,308.26666666666625,1,-1,-1,-1
96,44,340.7997497066821,160.5807407407408,340.20020184944974,322.77333333333354,1,-1,-1,-1
97,41,1017.5994913393832,328.31407407407403,360.0006701401821,388.0533333333332,1,-1,-1,-1
97,42,1404.5995397832562,249.43407407407415,343.80056517846145,355.4133333333334,1,-1,-1,-1
97,43,1.000000000000057,466.02666666666767,160.20000000000007,353.5999999999992,1,-1,-1,-1
97,44,342.59970126281326,302.9274074074074,327.60020184944943,331.84000000000015,1,-1,-1,-1
98,41,997.799402525624,635.6740740740739,378.0006701401824,386.2400000000002,1,-1,-1,-1
98,42,1388.399467117454,559.514074074074,361.8005651784601,348.1599999999999,1,-1,-1,-1
98,43,1.0000000000001483,718.0800000000008,149.40000000000006,368.1066666666659,1,-1,-1,-1
98,44,324.5996205230318,597.5940740740741,327.60020184944943,331.84000000000015,1,-1,-1,-1
99,41,997.799402525624,766.0325925925931,360.0006701401821,320.9600000000002,1,-1,-1,-1
99,42,1379.3994267475623,695.5140740740744,367.2005651784604,355.41333333333347,1,-1,-1,-1
99,43,1.000000000002047,838.5659259259263,160.20000000000013,248.42666666666827,1,-1,-1,-1
99,44,319.1995963010976,739.0340740740742,327.60020184944943,331.84000000000015,1,-1,-1,-1
100,41,997.7994025256248,892.9659259259261,334.800557104487,194.02666666666727,1,-1,-1,-1
100,42,1381.199434821539,825.8725925925929,352.80056517846134,261.12000000000097,1,-1,-1,-1
100,43,1.0000000000042215,989.0725925925926,93.5997012628066,97.9200000000042,1,-1,-1,-1
100,44,328.19963667098824,891.1525925925926,327.60020184944943,195.8400000000015,1,-1,-1,-1
101,41,1057.1996689669063,1018.0859259259286,216.0000242219301,68.90666666666925,1,-1,-1,-1
101,42,1381.1994348215408,958.2459259259264,343.80056517846134,128.7466666666686,1,-1,-1,-1
101,45,1634.0999831436986,1.007407407407407,284.4007753899296,132.3733333333334,1,-1,-1,-1
102,45,1634.5992246100702,30.020740740740727,284.4007753899298,255.68000000000015,1,-1,-1,-1
102,48,1000.4999494310928,1.0074074074074073,351.0015339235573,161.38666666666668,1,-1,-1,-1
103,46,124.80002422193446,1.0074074074072703,518.9178389333904,253.68435163701992,1,-1,-1,-1
103,47,2.4000000000000674,2.335034802784238,230.40000000000003,226.14496519721584,1,-1,-1,-1
103,45,1619.2990813314932,194.1274074074073,299.70091866850424,405.0976849703535,1,-1,-1,-1
103,48,987.899831436973,84.42074074074077,370.8017193428886,378.98666666666674,1,-1,-1,-1
103,49,1051.2369458715775,1.0074074074066663,155.58918390638587,60.3210311936068,1,-1,-1,-1
104,46,121.2000080739786,127.94074074074052,519.3452259555936,279.73623442468,1,-1,-1,-1
104,47,1.933333333334368,72.79418406805893,216.0000000000004,294.4058159319418,1,-1,-1,-1
104,45,1584.198938052921,332.8474074074073,334.8010619470799,402.56000000000046,1,-1,-1,-1
104,48,977.099730299156,254.87407407407412,370.8017193428885,362.66666666666697,1,-1,-1,-1
104,49,1040.1000107605646,68.90666666666664,188.9999892394341,152.32,1,-1,-1,-1
105,46,117.5999919260226,265.75407407407374,518.8726129777967,294.90811721234013,1,-1,-1,-1
105,47,1.4666666666681876,212.16000000000025,230.40000000000035,293.7599999999998,1,-1,-1,-1
105,45,1584.1989380529214,477.9140740740743,334.8010619470799,402.5600000000002,1,-1,-1,-1
105,48,977.099730299156,414.44740740740747,370.8017193428885,362.66666666666697,1,-1,-1,-1
105,49,1041.9000134507062,230.2933333333334,188.9999892394341,126.93333333333356,1,-1,-1,-1
106,46,113.9999757780666,403.567407407407,518.4,310.0800000000003,1,-1,-1,-1
106,47,1.000000000001984,357.22666666666726,230.4000000000005,288.31999999999954,1,-1,-1,-1
106,45,1562.598938052921,635.674074074074,356.4010619470806,402.5600000000006,1,-1,-1,-1
106,48,971.699679730248,568.5807407407412,387.00171934288807,362.666666666667,1,-1,-1,-1
106,49,1034.700002690142,377.1733333333336,188.9999892394341,141.44000000000025,1,-1,-1,-1
107,46,101.3999192602196,532.3140740740735,525.6,331.8400000000005,1,-1,-1,-1
107,47,1.000000000001223,505.9200000000008,230.4000000000005,250.23999999999987,1,-1,-1,-1
107,45,1575.1986683520754,718.8859259259286,343.801331647924,313.7066666666655,1,-1,-1,-1
107,48,971.699679730248,639.3007407407413,370.8017193428886,447.8933333333336,1,-1,-1,-1
107,49,1025.6999892394365,475.0933333333338,188.9999892394341,141.44000000000028,1,-1,-1,-1
108,46,95.99989503828532,776.9125925925922,525.6,310.0800000000003,1,-1,-1,-1
108,47,1.000000000000872,776.1066666666683,192.59983044645912,271.9999999999992,1,-1,-1,-1
108,50,772.8000000000001,63.46666666666668,154.80000000000038,134.18666666666667,1,-1,-1,-1
108,51,1224.6000080739796,1.0074074074074035,365.4000000000004,201.27999999999983,1,-1,-1,-1
108,52,1796.5999730737028,10.88000000000014,122.40002692629818,233.91999999999985,1,-1,-1,-1
108,53,214.8000053802837,1.007407407407407,239.4002071408732,112.42666666666668,1,-1,-1,-1
108,48,989.6998482932768,903.8459259259251,252.0006068269002,183.14666666666744,1,-1,-1,-1
108,49,1027.4999919295765,759.7866666666671,192.5999946197167,141.44000000000028,1,-1,-1,-1
108,54,0.9999999999994544,63.466666666666654,111.30002152112974,264.74666666666667,1,-1,-1,-1
109,46,95.99989503828462,912.9125925925924,525.5999999999998,174.080000000002,1,-1,-1,-1
109,47,1.000000000001557,929.2325925925928,192.5998304464593,157.7600000000007,1,-1,-1,-1
109,50,718.7997254847497,1.007407407407407,199.80023414536024,319.14666666666665,1,-1,-1,-1
109,51,1215.6000080739784,1.0074074074074038,372.60000000000014,326.4,1,-1,-1,-1
109,52,1776.799943482153,125.12000000000016,142.20005651785132,275.62666666666644,1,-1,-1,-1
109,53,211.20000000000007,3.6266666666666665,100.80000000000004,219.4133333333333,1,-1,-1,-1
109,48,1027.5002022756366,1030.779259259258,192.60005056890944,56.213333333335896,1,-1,-1,-1
109,49,1023.899986549294,899.4133333333344,192.5999946197168,130.5600000000005,1,-1,-1,-1
109,54,0.9999999999992292,233.92000000000016,111.30002152112974,228.47999999999996,1,-1,-1,-1
110,46,393.0026763282529,1036.2192592592592,138.596375894891,50.773333333337504,1,-1,-1,-1
110,50,706.1997254847506,126.12740740740752,212.40023414536063,317.3333333333335,1,-1,-1,-1
110,51,1219.200024221935,91.7652315888974,372.6,388.2104047434911,1,-1,-1,-1
110,52,1756.99994348215,264.7466666666669,162.00005651785307,299.1999999999998,1,-1,-1,-1
110,53,223.8000565178469,128.7466666666667,79.20000000000007,219.41333333333336,1,-1,-1,-1
110,54,0.99999999999946,324.58666666666693,111.30002152112974,279.2533333333331,1,-1,-1,-1
111,50,706.1997456696959,228.58074074074133,209.70023414536064,273.81333333333333,1,-1,-1,-1
111,51,1215.600008073979,231.34631949815247,372.60000000000014,387.2252023717455,1,-1,-1,-1
111,52,1755.1998910012917,401.6533333333339,163.8001089987118,287.4133333333331,1,-1,-1,-1
111,53,225.6000645918269,150.506666666667,152.10009285074807,315.5200000000001,1,-1,-1,-1
111,54,0.9999999999996874,447.893333333334,111.30002152112974,297.3866666666662,1,-1,-1,-1
112,50,727.799765854641,345.54074074074094,199.8002341453604,317.33333333333354,1,-1,-1,-1
112,51,1211.9999919260233,370.9274074074075,372.60000000000014,353.60000000000014,1,-1,-1,-1
112,52,1753.399838520433,538.5600000000009,165.60016147957054,275.6266666666665,1,-1,-1,-1
112,53,227.4000726658065,266.56000000000046,142.20018570149594,317.3333333333329,1,-1,-1,-1
112,54,0.99999999999946,571.2000000000007,111.30002152112974,313.70666666666614,1,-1,-1,-1
113,50,713.3997012628158,606.6607407407408,199.8002341453604,317.33333333333354,1,-1,-1,-1
113,51,1195.79991926022,664.6874074074076,372.60000000000014,353.60000000000014,1,-1,-1,-1
113,52,1753.3998385204295,811.365925925926,165.6001614795706,275.6266666666665,1,-1,-1,-1
113,53,218.40003229591613,516.8000000000006,142.20018570149597,317.3333333333329,1,-1,-1,-1
113,55,594.6001102851262,1.0074074074074069,304.19986549293884,101.54666666666664,1,-1,-1,-1
113,56,1098.6000511197935,1.007407407407407,327.59994081689416,56.21333333333333,1,-1,-1,-1
113,57,1680.800053802823,1.007407407407407,198.59988701406888,74.34666666666669,1,-1,-1,-1
113,54,0.999999999997414,881.280000000001,111.30002152112974,184.96000000000208,1,-1,-1,-1
114,50,695.3997066644271,744.4740740740755,270.00027718761885,273.8133333333333,1,-1,-1,-1
114,51,1195.799919260218,813.1792592592578,372.60000000000014,273.81333333333464,1,-1,-1,-1
114,52,1751.5998304464497,938.2992592592568,165.6001614795706,148.69333333333552,1,-1,-1,-1
114,53,218.40003229591647,658.2400000000007,127.80018570149588,291.94666666666654,1,-1,-1,-1
114,55,504.5999757780658,1.0074074074074075,394.19999999999993,246.6133333333333,1,-1,-1,-1
114,56,1075.200016147956,1.0074074074074075,367.2000000000001,213.97333333333333,1,-1,-1,-1
114,57,1644.8,1.0074074074074075,274.20000000000005,201.28,1,-1,-1,-1
115,50,695.3997066644259,883.8992592592589,264.60033099044546,203.09333333333444,1,-1,-1,-1
115,51,1226.5316265772915,934.8052755194196,319.9170731707308,152.1873170731704,1,-1,-1,-1
115,53,211.2000000000041,805.1200000000015,129.60018570149586,268.37333333333345,1,-1,-1,-1
115,55,515.4000242219358,24.58074074074077,394.19999999999993,368.1066666666671,1,-1,-1,-1
115,56,1046.3998869643065,19.14074074074075,367.2000000000001,344.5333333333333,1,-1,-1,-1
115,57,1644.8000000000015,64.47407407407418,274.2,284.6933333333334,1,-1,-1,-1
115,58,167.99999999999966,3.626666666666675,286.2,132.3733333333333,1,-1,-1,-1
116,50,711.5997308756967,1014.459259259258,237.60029063832687,72.53333333333714,1,-1,-1,-1
116,53,211.20000000000343,933.8666666666674,189.0002556451686,150.50666666666862,1,-1,-1,-1
116,55,508.1999919260236,162.39407407407413,394.19999999999993,368.1066666666671,1,-1,-1,-1
116,56,1039.199854668395,171.46074074074082,367.2000000000001,344.5333333333333,1,-1,-1,-1
116,57,1644.7999999999993,204.1007407407409,274.2,284.6933333333334,1,-1,-1,-1
116,58,168.00000000000006,3.6266666666666665,286.2,270.18666666666667,1,-1,-1,-1
116,59,1.000000000000599,1.3197673406803347e-14,135.00036096793977,136.00000000000006,1,-1,-1,-1
117,55,504.9024260073504,305.45821138211386,394.19999999999993,372.6400000000003,1,-1,-1,-1
117,56,1039.351079783037,309.53452574525767,367.2000000000001,366.2933333333335,1,-1,-1,-1
117,57,1644.7999999999995,352.6048780487807,274.2,284.6933333333334,1,-1,-1,-1
117,58,163.05365112199095,138.5234327009937,286.2,254.7733333333333,1,-1,-1,-1
117,59,1.000000000000016,148.6933333333333,135.00036096793977,136.00000000000006,1,-1,-1,-1
118,55,493.7999273341979,570.3940740740742,394.19999999999993,377.1733333333336,1,-1,-1,-1
118,56,1035.5998385204398,581.2740740740743,367.2000000000002,388.0533333333336,1,-1,-1,-1
118,57,1644.7999999999995,622.9807407407407,274.2,284.6933333333334,1,-1,-1,-1
118,58,146.39990311226268,418.8800000000001,286.2,239.36,1,-1,-1,-1
118,59,1.000000000000458,273.8133333333336,205.2007750194005,244.80000000000013,1,-1,-1,-1
119,55,493.799927334198,709.819259259259,394.19999999999993,377.1733333333336,1,-1,-1,-1
119,56,1035.5998385204396,698.939259259259,367.2000000000002,388.0533333333336,1,-1,-1,-1
119,57,1615.9999999999998,802.2992592592597,303.00000000000256,284.6933333333334,1,-1,-1,-1
119,58,128.39982237248122,562.1333333333338,286.2,239.36,1,-1,-1,-1
119,60,427.200107587874,62.66074074074076,293.3998305211042,92.48000000000026,1,-1,-1,-1
119,61,1030.200096830867,1.007407407407407,98.9998089999737,41.70666666666669,1,-1,-1,-1
119,59,1.0000000000000142,400.746666666667,205.2007750194005,244.80000000000013,1,-1,-1,-1
120,55,493.7999273342014,842.1925925925921,378.00000000000034,244.80000000000163,1,-1,-1,-1
120,56,1049.9998385204392,838.5659259259257,352.80000000000206,248.4266666666682,1,-1,-1,-1
120,57,1612.4000000000035,967.3125925925932,306.6000000000021,119.680000000002,1,-1,-1,-1
120,58,133.7998465944155,710.8266666666672,286.2,239.36,1,-1,-1,-1
120,60,328.1999596301095,1.0074074074074075,406.7999999999999,272.0,1,-1,-1,-1
120,61,943.7999677040882,1.0074074074074073,226.80000000000015,163.2,1,-1,-1,-1
120,62,1634.6001425774798,1.0074074074074058,284.3998574225219,168.64000000000004,1,-1,-1,-1
120,59,1.0000000000000635,518.6133333333338,205.2007750194005,241.1733333333335,1,-1,-1,-1
121,55,535.2001130357008,963.6859259259256,352.799814298511,123.3066666666696,1,-1,-1,-1
121,56,1123.8002341453712,958.2459259259244,235.7994105995947,128.74666666666897,1,-1,-1,-1
121,58,148.19991118624196,847.6325925925927,224.9997254847438,239.36,1,-1,-1,-1
121,60,333.5999838520444,40.90074074074081,394.19999999999993,299.19999999999993,1,-1,-1,-1
121,61,848.3995397832502,1.0074074074074073,320.4004198468602,288.32000000000005,1,-1,-1,-1
121,62,1539.2000000000012,1.0074074074074053,379.8000000000037,288.32,1,-1,-1,-1
121,63,1.0000000000009457,1.0074074074074102,214.19991926021623,103.35999999999994,1,-1,-1,-1
121,59,1.0000000000001206,643.7333333333347,205.2007750194005,172.26666666666608,1,-1,-1,-1
122,58,193.19997843976887,983.6325925925928,151.19961518895553,103.3600000000024,1,-1,-1,-1
122,60,335.3999919260246,185.96740740740756,386.999911186239,308.26666666666665,1,-1,-1,-1
122,61,839.3994994133601,22.76740740740744,320.4004198468604,389.8666666666668,1,-1,-1,-1
122,62,1539.1999999999975,40.90074074074076,379.8000000000037,382.6133333333334,1,-1,-1,-1
122,63,1.000000000003418,1.007407407407407,230.3999919260196,250.24000000000004,1,-1,-1,-1
122,59,1.0000000000000282,765.2266666666682,205.2007750194003,201.4370714101567,1,-1,-1,-1
123,60,327.299955593124,488.7940740740743,386.999911186239,318.24000000000024,1,-1,-1,-1
123,61,833.9994751914271,318.34074074074084,320.4004198468605,366.29333333333335,1,-1,-1,-1
123,62,1522.9999273341914,345.5407407407407,396.0000726658084,382.6133333333334,1,-1,-1,-1
123,63,1.000000000000972,182.34074074074115,246.60006459182216,326.3999999999998,1,-1,-1,-1
123,59,1.0000000000000002,1008.9687720202808,162.88042159753755,78.0238205723103,1,-1,-1,-1
124,60,315.5999031122659,628.420740740741,386.999911186239,328.2133333333338,1,-1,-1,-1
124,61,821.3994186735813,476.100740740741,320.40041984686053,342.7199999999998,1,-1,-1,-1
124,62,1506.79985466839,497.8607407407407,412.2001453316132,382.6133333333335,1,-1,-1,-1
124,63,1.00000000000233,349.1674074074076,244.80005651784444,290.1333333333332,1,-1,-1,-1
125,60,313.79989503828773,758.7792592592588,386.999911186239,328.2133333333338,1,-1,-1,-1
125,61,821.3994186735819,641.1140740740743,320.40041984686053,342.71999999999974,1,-1,-1,-1
125,62,1506.7998546683875,648.3674074074077,412.2001453316132,382.6133333333335,1,-1,-1,-1
125,63,0.9999999999999656,490.6074074074074,244.80005651784532,290.1333333333332,1,-1,-1,-1
126,60,313.7998950382881,887.5259259259254,386.9999111862389,199.46666666666715,1,-1,-1,-1
126,61,823.1994267475624,787.7925925925937,320.4004198468606,296.77380768239186,1,-1,-1,-1
126,62,1506.799854668389,784.1659259259255,412.2001453316132,302.8266666666676,1,-1,-1,-1
126,63,1.0000000000001918,617.5407407407407,244.80005651784532,290.1333333333332,1,-1,-1,-1
127,60,472.20060554836806,1018.0859259259244,172.79895038283948,68.90666666666857,1,-1,-1,-1
127,61,819.5994105996092,927.41925925926,320.4004198468609,159.57333333333392,1,-1,-1,-1
127,62,1544.6000242219352,925.6059259259254,345.5999327358124,161.3866666666687,1,-1,-1,-1
127,63,0.9999999999999574,769.860740740741,244.80005651784532,290.1333333333332,1,-1,-1,-1
127,64,1152.5999892394366,1.007407407407407,216.00000000000009,195.84,1,-1,-1,-1
127,65,0.9999999999973256,1.0074074074074073,352.7999408168941,201.2800000000003,1,-1,-1,-1
128,64,1141.7999730985882,188.5866666666667,234.00002690141352,248.42666666666668,1,-1,-1,-1
128,66,1701.6,1.8133333333333328,218.4000000000001,339.0933333333333,1,-1,-1,-1
128,67,700.8000000000001,3.6266666666665546,338.4,244.09598350090243,1,-1,-1,-1
128,65,0.999999999999929,117.86666666666666,392.4,364.48,1,-1,-1,-1
129,64,1137.5999363131828,331.2355555555556,238.20006368681928,259.91111111111104,1,-1,-1,-1
129,66,1700.9999973086742,144.46222222222224,218.4000000000001,339.09333333333336,1,-1,-1,-1
129,67,692.9999650127626,18.737777777778,338.40000000000015,377.7777777777782,1,-1,-1,-1
129,65,1.000000000000712,252.0533333333332,374.39991926021816,375.9644444444446,1,-1,-1,-1
130,64,1133.399899527777,473.8844444444445,242.40010047222503,271.39555555555546,1,-1,-1,-1
130,66,1700.399994617348,287.1111111111112,218.4000000000001,339.09333333333336,1,-1,-1,-1
130,67,685.1999300255245,158.96888888888927,338.40000000000015,343.02222222222207,1,-1,-1,-1
130,65,1.00000000000143,378.0799999999998,356.39983852043616,395.60888888888894,1,-1,-1,-1
131,64,1129.1998627423716,616.5333333333334,246.6001372576308,282.8799999999999,1,-1,-1,-1
131,66,1699.799991926022,429.7600000000001,218.4000000000001,339.0933333333334,1,-1,-1,-1
131,67,677.3998950382862,299.20000000000056,338.4000000000001,308.266666666666,1,-1,-1,-1
131,65,1.000000000002148,504.1066666666664,338.39975778065417,415.2533333333333,1,-1,-1,-1
132,64,1123.799838520437,739.84,246.6001372576308,282.8799999999999,1,-1,-1,-1
132,66,1700.6000000000004,553.0666666666667,218.4000000000001,339.0933333333334,1,-1,-1,-1
132,67,679.1999031122647,442.4533333333338,354.60007266580345,308.266666666666,1,-1,-1,-1
132,65,1.0000000000012503,623.7866666666664,338.3997577806542,435.2000000000016,1,-1,-1,-1
133,64,1228.4870285639909,999.3299166451824,135.23078614746717,87.66267594740803,1,-1,-1,-1
133,66,1672.835613274955,791.9409607287098,246.1643867250454,295.05163186388336,1,-1,-1,-1
133,67,661.1998223724836,736.2133333333342,354.60007266580345,308.266666666666,1,-1,-1,-1
133,65,1.0000000000010087,882.0859259259247,338.3997577806543,204.9066666666703,1,-1,-1,-1
133,68,981.5999919260232,1.007407407407407,325.80000000000007,340.9066666666666,1,-1,-1,-1
133,69,1591.800145331607,1.0074074074074073,270.0,199.4666666666667,1,-1,-1,-1
133,70,1.0000000000013531,1.81333333333332,266.3999757780645,159.5733333333333,1,-1,-1,-1
133,71,652.1999273341974,1.8133333333333332,327.60038755095417,208.53333333333364,1,-1,-1,-1
134,66,1675.3999192673296,920.1659259259264,243.60008073267272,166.82666666666984,1,-1,-1,-1
134,67,659.3998117557793,878.4592592592599,354.60007266580345,208.5333333333347,1,-1,-1,-1
134,68,981.5999919260244,127.94074074074076,325.80000000000007,340.9066666666666,1,-1,-1,-1
134,69,1591.800145331606,1.0074074074074073,327.6002583673007,304.64,1,-1,-1,-1
134,70,0.9999999999999852,81.60000000000005,266.39997577806434,239.36000000000004,1,-1,-1,-1
134,71,655.7999434821575,1.007407407407407,327.60038755095445,371.73333333333375,1,-1,-1,-1
135,66,1756.4000403236869,1043.4725925925936,115.79988973265031,43.52000000000508,1,-1,-1,-1
135,67,713.4001302569054,952.8059259259268,241.1994038134432,134.1866666666689,1,-1,-1,-1
135,68,972.5999515561342,265.7540740740741,325.80000000000007,351.78666666666663,1,-1,-1,-1
135,69,1591.800145331606,1.0074074074074073,327.6002583673007,431.5733333333334,1,-1,-1,-1
135,70,0.9999999999999858,206.72000000000003,266.39997577806434,239.36000000000004,1,-1,-1,-1
135,71,644.9998950382887,120.68740740740743,327.6003875509545,382.6133333333338,1,-1,-1,-1
136,68,970.799943482156,414.4474074074074,325.80000000000007,346.34666666666664,1,-1,-1,-1
136,69,1582.800104961715,107.99407407407406,333.00025836730055,451.52000000000055,1,-1,-1,-1
136,70,0.9999999999999858,326.40000000000003,266.39997577806434,239.36000000000004,1,-1,-1,-1
136,71,644.9998950382887,264.8474074074075,327.6003875509545,383.52000000000055,1,-1,-1,-1
137,68,968.9999354081784,563.1407407407407,325.80000000000007,340.9066666666666,1,-1,-1,-1
137,69,1573.800064591824,254.8740740740741,345.60025836730097,431.57333333333344,1,-1,-1,-1
137,70,0.9999999999999858,446.0800000000001,266.39997577806434,239.36000000000004,1,-1,-1,-1
137,71,644.9998950382889,409.0074074074074,327.6003875509545,384.4266666666673,1,-1,-1,-1
138,68,947.399886974974,878.4592592592588,342.0000242112726,208.5333333333342,1,-1,-1,-1
138,69,1566.6000645989338,541.3807407407413,352.80029602927937,393.49333333333465,1,-1,-1,-1
138,70,0.9999999999999858,683.6266666666669,266.39997577806434,239.36000000000004,1,-1,-1,-1
138,71,625.1998062245291,704.5807407407409,327.60038755095445,371.73333333333375,1,-1,-1,-1
138,72,1496.4001453316073,1.0074074074074073,307.8,143.2533333333333,1,-1,-1,-1
138,73,382.2000053340742,1.0074074074074073,358.19996508148205,48.95999999999998,1,-1,-1,-1
138,74,1.0000000000002869,1.0074074074074058,294.0000888137588,123.30666666666669,1,-1,-1,-1
139,68,963.5999111862442,963.6859259259256,286.19994081689293,123.3066666666693,1,-1,-1,-1
139,69,1559.4000000000003,684.6340740740743,347.40034718106125,369.92000000000144,1,-1,-1,-1
139,70,1.0000000000000997,801.4933333333337,266.39997577806434,239.36000000000004,1,-1,-1,-1
139,71,621.5997900765741,840.379259259259,309.60030681117206,246.613333333336,1,-1,-1,-1
139,72,1496.4001453316102,1.007407407407407,327.6000295915505,273.8133333333334,1,-1,-1,-1
139,73,308.39989503828554,1.007407407407407,462.6001211096712,179.51999999999995,1,-1,-1,-1
139,74,1.0000000000009686,1.0074074074074058,294.0000888137588,206.72,1,-1,-1,-1
139,75,1109.4000726338136,1.007407407407407,206.999911225342,157.76000000000082,1,-1,-1,-1
140,69,1561.200008073978,831.312592592592,347.40034718106125,255.68000000000268,1,-1,-1,-1
140,70,1.0000000000007796,918.3525925925924,233.99983044645728,168.64000000000095,1,-1,-1,-1
140,71,639.599870816356,958.2459259259276,262.80009688774066,128.74666666666934,1,-1,-1,-1
140,72,1491.0001211096728,89.86074074074088,325.80008073978127,326.39999999999986,1,-1,-1,-1
140,73,308.39989503828707,1.007407407407407,462.6001211096715,301.0133333333333,1,-1,-1,-1
140,74,1.0000000000011935,98.9274074074076,294.0000888137588,270.1866666666665,1,-1,-1,-1
140,75,1104.0000645633909,19.7116049382716,230.3999461971771,270.4888888888896,1,-1,-1,-1
140,76,1371.3000215211266,1.007407407407407,354.60007801409307,208.53333333333535,1,-1,-1,-1
141,69,1561.2000080739765,968.4182836494988,318.8637618152081,118.57430894309104,1,-1,-1,-1
141,72,1483.8000888137592,218.6074074074077,325.80008073978127,339.66829268292685,1,-1,-1,-1
141,73,292.1998223724841,137.00740740740738,462.6001211096715,301.0133333333333,1,-1,-1,-1
141,74,1.0000000000000568,229.4874074074076,294.0000888137588,270.1866666666665,1,-1,-1,-1
141,75,1098.6000564929675,38.4158024691358,253.79998116901223,383.2177777777784,1,-1,-1,-1
141,76,1364.1000107605664,1.2760493827161776,419.1001744108156,320.35555555555743,1,-1,-1,-1
142,72,1478.400064591827,318.94518518518606,325.8000807397814,378.9866666666657,1,-1,-1,-1
142,73,281.3997739286157,247.31851851851863,462.6001211096715,322.7733333333332,1,-1,-1,-1
142,74,1.0000000000000568,355.21185185185215,294.0000888137588,270.1866666666665,1,-1,-1,-1
142,75,1093.200048422547,174.07999999999998,206.999911225342,378.9866666666675,1,-1,-1,-1
142,76,1356.899999999997,85.68335802469169,419.1601745004874,350.215111111114,1,-1,-1,-1
143,72,1465.8000080739796,509.9496296296302,325.80008073978155,460.586666666666,1,-1,-1,-1
143,73,270.59972548474684,488.18962962962985,462.6001211096715,344.5333333333331,1,-1,-1,-1
143,74,1.0000000000000568,546.2162962962966,294.0000888137588,270.1866666666665,1,-1,-1,-1
143,75,1060.8,433.3866666666666,266.4000000000001,344.53333333333325,1,-1,-1,-1
143,76,1347.8999865492922,345.0773333333338,407.97015777677774,343.80800000000266,1,-1,-1,-1
144,72,1456.7999677040889,655.6207407407414,325.80008073978155,429.7599999999993,1,-1,-1,-1
144,73,265.1997012628125,595.7807407407412,462.6001211096715,366.29333333333295,1,-1,-1,-1
144,74,1.0000000000000568,737.220740740741,294.0000888137588,270.1866666666665,1,-1,-1,-1
144,75,1048.1999434821528,567.5733333333333,266.4000000000001,344.53333333333325,1,-1,-1,-1
144,77,1681.8001506265832,1.0074074074074069,113.39986285967449,67.09333333333335,1,-1,-1,-1
144,76,1341.2999766854405,473.911308641976,396.780141053068,337.40088888889125,1,-1,-1,-1
145,72,1456.7999677040916,784.3674074074085,331.19999190114,301.013333333334,1,-1,-1,-1
145,73,261.59968511485704,708.1066666666669,456.300092850748,378.0800000000001,1,-1,-1,-1
145,74,1.0000000000011493,857.7066666666674,280.5000282589224,205.8133333333333,1,-1,-1,-1
145,75,1066.2000445637432,696.3200000000003,251.99991506636744,344.53333333333325,1,-1,-1,-1
145,78,0.9999999999999613,1.0074074074074102,403.2002583672981,143.25333333333327,1,-1,-1,-1
145,79,1114.8000080704276,1.007407407407407,181.79995695773903,52.58666666666669,1,-1,-1,-1
145,77,1559.3999676969786,1.0074074074074066,281.70011438787947,174.08000000000004,1,-1,-1,-1
145,80,704.4000161408472,30.826666666666764,102.59998923943554,110.61333333333336,1,-1,-1,-1
145,76,1334.6999668215888,602.7452839506182,385.5901243293581,330.9937777777798,1,-1,-1,-1
146,72,1456.7999677040957,913.1140740740748,260.99979007656475,172.26666666666836,1,-1,-1,-1
146,73,257.9996689669018,820.4325925925925,450.0000645918242,266.5600000000008,1,-1,-1,-1
146,74,1.000000000001787,978.1925925925932,266.999967704086,108.800000000001,1,-1,-1,-1
146,75,1042.799919260222,825.8725925925928,266.40000000000055,261.1200000000015,1,-1,-1,-1
146,78,1.0000000000026898,1.00740740740741,403.2002583672981,264.7466666666666,1,-1,-1,-1
146,79,1109.4000000000003,1.0074074074074073,210.59999999999985,177.7066666666666,1,-1,-1,-1
146,77,1548.59995155613,1.0074074074074073,291.60012918364964,281.0666666666667,1,-1,-1,-1
146,80,697.2000053802825,155.94666666666674,109.79999999999994,136.0,1,-1,-1,-1
146,76,1328.099956957737,731.5792592592603,374.4001076056484,324.5866666666684,1,-1,-1,-1
147,73,339.0004253160154,932.8592592592582,368.99930824271553,154.13333333333645,1,-1,-1,-1
147,75,1042.7999192602208,947.3659259259258,228.5999435070365,139.62666666667027,1,-1,-1,-1
147,78,1.0000000000024625,1.00740740740741,403.2002583672981,402.56,1,-1,-1,-1
147,79,1060.799782002593,1.0074074074074069,262.8002341453644,302.8266666666666,1,-1,-1,-1
147,77,1548.599951556129,86.2340740740741,291.60012918364964,262.93333333333334,1,-1,-1,-1
147,80,693.6,288.32,109.79999999999995,136.0,1,-1,-1,-1
147,76,1324.4999515774568,856.6992592592595,374.4001076056484,228.480000000002,1,-1,-1,-1
148,78,1.0000000000000635,247.62074074074087,403.2002583672981,440.0355555555551,1,-1,-1,-1
148,79,1045.1996942290357,145.4696296296298,291.6003963844512,379.5911111111109,1,-1,-1,-1
148,77,1544.9999277799986,346.1451851851855,311.4001291836467,262.9333333333335,1,-1,-1,-1
148,80,680.9999434821534,473.2800000000001,135.00011303569434,242.98666666666668,1,-1,-1,-1
